2 0.3515625 0.6546875 0.083984375 0.07890625
2 0.3421875 0.5984375 0.07265625 0.071875
2 0.428125 0.6390625 0.071875 0.075
2 0.4859375 0.6375 0.05625 0.06171875
2 0.3375 0.478125 0.08671875 0.081640625
2 0.3140625 0.415625 0.078515625 0.07421875
2 0.3046875 0.2921875 0.097265625 0.097265625
2 0.3828125 0.303125 0.080859375 0.083984375
2 0.4546875 0.2734375 0.06640625 0.07109375
2 0.5875 0.209375 0.090234375 0.094140625
2 0.559375 0.278125 0.065625 0.074609375
2 0.6109375 0.3078125 0.072265625 0.077734375
2 0.46875 0.5609375 0.0875 0.087109375
2 0.4203125 0.5109375 0.09609375 0.099609375
2 0.3671875 0.540625 0.075 0.075
2 0.446875 0.3359375 0.09921875 0.09375
2 0.4609375 0.4046875 0.087109375 0.08515625
2 0.46875 0.4640625 0.068359375 0.069140625
2 0.540625 0.446875 0.08125 0.08046875
2 0.5046875 0.5078125 0.080859375 0.083984375
2 0.534375 0.5640625 0.06875 0.072265625
2 0.5984375 0.5578125 0.069140625 0.06484375
2 0.596875 0.409375 0.069140625 0.071875
2 0.646875 0.378125 0.069140625 0.078125
2 0.68125 0.31875 0.083984375 0.090234375
2 0.60625 0.4953125 0.08828125 0.090625
2 0.671875 0.465625 0.087109375 0.087109375
2 0.715625 0.384375 0.08046875 0.084765625
2 0.6578125 0.5484375 0.0625 0.075