2 0.3515625 0.346875 0.075 0.06875
2 0.340625 0.40625 0.075 0.075
2 0.4296875 0.365625 0.069140625 0.074609375
2 0.4890625 0.365625 0.06875 0.071875
2 0.3375 0.5296875 0.100390625 0.097265625
2 0.3125 0.5921875 0.071484375 0.0625
2 0.303125 0.71875 0.10546875 0.10546875
2 0.3828125 0.7078125 0.081640625 0.087109375
2 0.45625 0.7375 0.078125 0.08046875
2 0.5921875 0.8015625 0.0875 0.09609375
2 0.5625 0.7328125 0.080859375 0.084765625
2 0.615625 0.703125 0.078125 0.08125
2 0.4703125 0.44375 0.08515625 0.083984375
2 0.4203125 0.4953125 0.09140625 0.096875
2 0.3671875 0.4640625 0.069140625 0.069140625
2 0.4484375 0.6734375 0.09375 0.0875
2 0.4625 0.6046875 0.081640625 0.08125
2 0.4703125 0.54375 0.068359375 0.069140625
2 0.5453125 0.5609375 0.07734375 0.075390625
2 0.5078125 0.4984375 0.077734375 0.081640625
2 0.5375 0.440625 0.071484375 0.074609375
2 0.603125 0.446875 0.077734375 0.072265625
2 0.6015625 0.5984375 0.071875 0.07265625
2 0.653125 0.6296875 0.072265625 0.08125
2 0.6875 0.6921875 0.083984375 0.087890625
2 0.6109375 0.5109375 0.087890625 0.08984375
2 0.678125 0.540625 0.096875 0.096875
2 0.7234375 0.625 0.084765625 0.087890625
2 0.6640625 0.45625 0.068359375 0.077734375