2 0.3515625 0.353125 0.06875 0.0625
2 0.3421875 0.409375 0.0609375 0.059375
2 0.428125 0.3703125 0.059375 0.065625
2 0.484375 0.371875 0.0546875 0.059375
2 0.3390625 0.528125 0.0828125 0.078125
2 0.3140625 0.590625 0.0671875 0.059375
2 0.30625 0.7109375 0.084375 0.084375
2 0.3828125 0.7015625 0.0703125 0.0734375
2 0.453125 0.7296875 0.0640625 0.0671875
2 0.584375 0.7921875 0.0703125 0.0796875
2 0.55625 0.725 0.0640625 0.0703125
2 0.6078125 0.696875 0.0640625 0.06875
2 0.4671875 0.4453125 0.0734375 0.071875
2 0.4203125 0.4953125 0.078125 0.084375
2 0.36875 0.4671875 0.0625 0.0609375
2 0.4453125 0.6671875 0.0828125 0.075
2 0.459375 0.6015625 0.0734375 0.071875
2 0.4671875 0.5421875 0.0546875 0.0578125
2 0.5390625 0.559375 0.0703125 0.06875
2 0.503125 0.4984375 0.0640625 0.06875
2 0.53125 0.44375 0.059375 0.0625
2 0.5953125 0.4484375 0.0640625 0.059375
2 0.59375 0.596875 0.065625 0.0671875
2 0.64375 0.6265625 0.05625 0.06875
2 0.6765625 0.6859375 0.078125 0.0828125
2 0.603125 0.5109375 0.0734375 0.075
2 0.6671875 0.540625 0.08125 0.0796875
2 0.7109375 0.6203125 0.075 0.0796875
2 0.653125 0.4578125 0.0515625 0.0671875