2 0.3890625 0.184375 0.0640625 0.0640625
2 0.29375 0.3015625 0.0921875 0.084375
2 0.20625 0.45 0.0984375 0.09375
2 0.290625 0.65 0.090625 0.09375
2 0.428125 0.678125 0.075 0.0921875
2 0.4359375 0.5984375 0.0859375 0.078125
2 0.5265625 0.5078125 0.065625 0.071875
2 0.5875 0.43125 0.0765625 0.0984375
2 0.6921875 0.40625 0.09375 0.0890625
2 0.40625 0.3078125 0.0796875 0.0859375
2 0.35 0.359375 0.09375 0.078125
2 0.3375 0.4546875 0.0921875 0.0828125
2 0.2921875 0.5421875 0.08125 0.084375
2 0.596875 0.684375 0.09375 0.0859375
2 0.6578125 0.6203125 0.0953125 0.09375
2 0.690625 0.534375 0.084375 0.06875
2 0.60625 0.559375 0.0921875 0.0875
2 0.346875 0.584375 0.090625 0.0890625
2 0.446875 0.4734375 0.0859375 0.090625
2 0.41875 0.4015625 0.08125 0.0875
2 0.4859375 0.3703125 0.08125 0.0875
2 0.515625 0.4296875 0.0859375 0.0828125
2 0.4921875 0.296875 0.0734375 0.0765625
2 0.671875 0.3203125 0.08125 0.084375
2 0.5703125 0.3140625 0.084375 0.0890625
2 0.35625 0.2328125 0.075 0.08125
2 0.515625 0.2375 0.084375 0.0765625
2 0.590625 0.240625 0.0765625 0.0828125
2 0.4234375 0.2328125 0.0875 0.0796875
2 0.6421875 0.484375 0.0875 0.0796875