2 0.3765625 0.8453125 0.065625 0.066015625
2 0.2765625 0.7234375 0.109765625 0.105859375
2 0.1859375 0.56875 0.11875 0.11328125
2 0.275 0.359375 0.1125 0.11328125
2 0.4171875 0.33125 0.094140625 0.108984375
2 0.4265625 0.4140625 0.10390625 0.1
2 0.51875 0.509375 0.084375 0.087890625
2 0.584375 0.5875 0.094140625 0.112890625
2 0.69375 0.6140625 0.10625 0.099609375
2 0.39375 0.7171875 0.097265625 0.103125
2 0.3359375 0.6625 0.112109375 0.102734375
2 0.3234375 0.5640625 0.108984375 0.1
2 0.2765625 0.471875 0.096484375 0.099609375
2 0.59375 0.325 0.106640625 0.1
2 0.65625 0.3921875 0.103125 0.100390625
2 0.690625 0.48125 0.090625 0.075390625
2 0.6046875 0.4546875 0.109375 0.10625
2 0.3328125 0.4296875 0.10390625 0.10390625
2 0.4375 0.5453125 0.103515625 0.10859375
2 0.4078125 0.61875 0.091015625 0.096875
2 0.478125 0.6515625 0.103515625 0.106640625
2 0.509375 0.5890625 0.093359375 0.090234375
2 0.484375 0.728125 0.087109375 0.090625
2 0.671875 0.703125 0.100390625 0.103125
2 0.565625 0.7109375 0.094140625 0.097265625
2 0.3421875 0.7953125 0.08515625 0.09140625
2 0.5078125 0.790625 0.08984375 0.081640625
2 0.5875 0.7875 0.09921875 0.102734375
2 0.4125 0.7953125 0.108984375 0.102734375
2 0.640625 0.5328125 0.106640625 0.102734375