2 0.60625 0.8046875 0.083984375 0.084375
2 0.709375 0.678125 0.118359375 0.11328125
2 0.8046875 0.515625 0.112109375 0.103515625
2 0.7125 0.296875 0.119140625 0.121484375
2 0.5625 0.2671875 0.10078125 0.112890625
2 0.553125 0.353125 0.109375 0.103125
2 0.45625 0.453125 0.075 0.080859375
2 0.3875 0.5359375 0.103515625 0.121484375
2 0.2734375 0.5640625 0.109375 0.103515625
2 0.5859375 0.6703125 0.105859375 0.109375
2 0.6484375 0.6140625 0.118359375 0.10859375
2 0.6609375 0.509375 0.109375 0.100390625
2 0.7109375 0.4140625 0.105859375 0.106640625
2 0.378125 0.259375 0.112109375 0.10625
2 0.3125 0.3296875 0.124609375 0.122265625
2 0.2765625 0.4234375 0.093359375 0.07734375
2 0.3671875 0.3953125 0.112109375 0.109375
2 0.65 0.36875 0.1 0.097265625
2 0.5421875 0.490625 0.11015625 0.115234375
2 0.571875 0.5671875 0.090625 0.097265625
2 0.4984375 0.6015625 0.096484375 0.103515625
2 0.4671875 0.5375 0.10390625 0.102734375
2 0.4921875 0.68125 0.09609375 0.097265625
2 0.296875 0.65625 0.10625 0.108984375
2 0.40625 0.6640625 0.109765625 0.112890625
2 0.640625 0.7515625 0.087890625 0.096484375
2 0.4671875 0.746875 0.09609375 0.08671875
2 0.384375 0.74375 0.087890625 0.096484375
2 0.5671875 0.7515625 0.10859375 0.100390625
2 0.328125 0.4765625 0.109375 0.10390625