2 0.5734375 0.7625 0.080859375 0.077734375
2 0.7828125 0.5859375 0.087890625 0.087109375
2 0.75625 0.5171875 0.102734375 0.08515625
2 0.73125 0.3859375 0.116015625 0.112109375
2 0.7 0.315625 0.096484375 0.096875
2 0.5078125 0.3640625 0.11484375 0.109765625
2 0.621875 0.3375 0.099609375 0.091015625
2 0.6046875 0.228125 0.099609375 0.09921875
2 0.41875 0.646875 0.096484375 0.090625
2 0.44375 0.7234375 0.090625 0.08359375
2 0.4015625 0.571875 0.11640625 0.119140625
2 0.2046875 0.590625 0.09609375 0.097265625
2 0.3359375 0.7265625 0.087890625 0.08984375
2 0.33125 0.359375 0.099609375 0.103125
2 0.425 0.428125 0.09453125 0.091015625
2 0.6078125 0.41875 0.096484375 0.100390625
2 0.478125 0.4984375 0.096484375 0.09375
2 0.3234375 0.525 0.112109375 0.109375
2 0.653125 0.5265625 0.09296875 0.078515625
2 0.671875 0.453125 0.108984375 0.103125
2 0.56875 0.5453125 0.078515625 0.081640625
2 0.6625 0.5875 0.07578125 0.077734375
2 0.625 0.634375 0.07578125 0.084375
2 0.5703125 0.678125 0.097265625 0.08828125
2 0.5515625 0.60625 0.08359375 0.08671875
2 0.4796875 0.590625 0.08125 0.084375
2 0.540625 0.2828125 0.125 0.12265625
2 0.2234375 0.490625 0.087890625 0.0875
2 0.3484375 0.61875 0.09140625 0.1
2 0.51875 0.4375 0.094140625 0.08828125
2 0.321875 0.440625 0.103515625 0.091015625