2 0.43125 0.23125 0.06875 0.0640625
2 0.228125 0.4015625 0.071875 0.071875
2 0.253125 0.46875 0.090625 0.071875
2 0.278125 0.5953125 0.0953125 0.0890625
2 0.3078125 0.6640625 0.0859375 0.0875
2 0.49375 0.6171875 0.09375 0.0875
2 0.384375 0.64375 0.09375 0.0875
2 0.4 0.7484375 0.0921875 0.09375
2 0.58125 0.3421875 0.0859375 0.0796875
2 0.55625 0.26875 0.078125 0.0671875
2 0.596875 0.415625 0.09375 0.0984375
2 0.7890625 0.396875 0.0875 0.0890625
2 0.6609375 0.265625 0.071875 0.071875
2 0.665625 0.6203125 0.0796875 0.0859375
2 0.575 0.5546875 0.0875 0.0828125
2 0.3984375 0.5640625 0.084375 0.0890625
2 0.5234375 0.4875 0.0796875 0.075
2 0.6734375 0.4609375 0.0953125 0.0921875
2 0.3546875 0.459375 0.08125 0.0671875
2 0.334375 0.53125 0.0921875 0.0859375
2 0.434375 0.440625 0.0640625 0.06875
2 0.3453125 0.4 0.0671875 0.06875
2 0.38125 0.3546875 0.059375 0.0703125
2 0.434375 0.3125 0.0890625 0.0796875
2 0.453125 0.3828125 0.06875 0.0734375
2 0.521875 0.396875 0.0765625 0.0796875
2 0.4625 0.6953125 0.1015625 0.0984375
2 0.7703125 0.49375 0.078125 0.0765625
2 0.6484375 0.3703125 0.0734375 0.0828125
2 0.484375 0.5453125 0.0796875 0.0734375
2 0.6734375 0.5421875 0.0921875 0.075