2 0.56875 0.765625 0.074609375 0.06953125
2 0.775 0.5921875 0.087890625 0.0875
2 0.7484375 0.525 0.096484375 0.078125
2 0.725 0.396875 0.112109375 0.10703125
2 0.69375 0.3265625 0.099609375 0.099609375
2 0.5046875 0.375 0.112109375 0.106640625
2 0.6171875 0.346875 0.096484375 0.0875
2 0.6 0.2390625 0.10625 0.10625
2 0.415625 0.653125 0.103125 0.099609375
2 0.4421875 0.728125 0.08984375 0.08203125
2 0.4 0.578125 0.096875 0.102734375
2 0.20625 0.596875 0.096484375 0.09921875
2 0.3359375 0.73125 0.07890625 0.08125
2 0.33125 0.3703125 0.1 0.103125
2 0.4234375 0.4375 0.103125 0.099609375
2 0.603125 0.428125 0.10078125 0.10546875
2 0.475 0.50625 0.09296875 0.0875
2 0.321875 0.5328125 0.11328125 0.1125
2 0.646875 0.5328125 0.09296875 0.081640625
2 0.6671875 0.4609375 0.109375 0.103515625
2 0.565625 0.553125 0.075 0.08046875
2 0.65625 0.5953125 0.074609375 0.074609375
2 0.61875 0.6390625 0.072265625 0.080859375
2 0.565625 0.6828125 0.105859375 0.100390625
2 0.546875 0.6125 0.084765625 0.0875
2 0.4765625 0.596875 0.094140625 0.096875
2 0.5359375 0.2953125 0.116015625 0.11484375
2 0.225 0.4984375 0.09375 0.091015625
2 0.3484375 0.625 0.093359375 0.09921875
2 0.5140625 0.446875 0.093359375 0.087890625
2 0.321875 0.45 0.105859375 0.097265625