2 0.6671875 0.284375 0.071875 0.07421875
2 0.7828125 0.3171875 0.10625 0.10625
2 0.415625 0.271875 0.06796875 0.07421875
2 0.1734375 0.303125 0.074609375 0.083984375
2 0.3296875 0.3890625 0.07890625 0.075
2 0.46875 0.3828125 0.053515625 0.06015625
2 0.4140625 0.3890625 0.06484375 0.069140625
2 0.35 0.3015625 0.08671875 0.087890625
2 0.33125 0.228125 0.08203125 0.077734375
2 0.2875 0.2703125 0.08203125 0.083984375
2 0.6 0.2828125 0.090234375 0.087109375
2 0.6609375 0.3875 0.07890625 0.08046875
2 0.721875 0.378125 0.090234375 0.0875
2 0.7453125 0.4328125 0.08125 0.068359375
2 0.6984375 0.4609375 0.07109375 0.066015625
2 0.65625 0.503125 0.08671875 0.07578125
2 0.559375 0.3765625 0.07421875 0.075390625
2 0.5578125 0.4296875 0.06875 0.072265625
2 0.5046875 0.4421875 0.0625 0.06875
2 0.6140625 0.4359375 0.075 0.075390625
2 0.4859375 0.31875 0.08515625 0.087890625
2 0.4171875 0.3296875 0.084375 0.08359375
2 0.2640625 0.321875 0.087890625 0.09375
2 0.6765625 0.5515625 0.059375 0.053515625
2 0.646875 0.590625 0.058984375 0.058984375
2 0.6125 0.628125 0.069140625 0.068359375
2 0.5578125 0.6484375 0.06015625 0.062109375
2 0.54375 0.6859375 0.062109375 0.053125
2 0.5234375 0.6140625 0.065625 0.06640625
2 0.571875 0.54375 0.071484375 0.075390625
2 0.4125 0.5296875 0.071484375 0.07109375
2 0.3625 0.5953125 0.05703125 0.059765625
2 0.4546875 0.490625 0.071875 0.068359375
2 0.48125 0.5390625 0.06328125 0.066015625
2 0.478125 0.5890625 0.055859375 0.05859375
2 0.2703125 0.4453125 0.07265625 0.07734375
2 0.3234375 0.4734375 0.062890625 0.07109375
2 0.3703125 0.5 0.06484375 0.062109375
2 0.43125 0.5828125 0.05625 0.059375
2 0.5296875 0.5140625 0.068359375 0.07109375