2 0.33125 0.753125 0.068359375 0.069140625
2 0.215625 0.7203125 0.108984375 0.108984375
2 0.584375 0.765625 0.074609375 0.08125
2 0.8296875 0.734375 0.071484375 0.08125
2 0.671875 0.6484375 0.075390625 0.07109375
2 0.53125 0.6546875 0.065234375 0.071484375
2 0.5859375 0.646875 0.059375 0.062890625
2 0.65 0.7359375 0.078515625 0.08125
2 0.6703125 0.8109375 0.08125 0.075390625
2 0.7140625 0.76875 0.07734375 0.077734375
2 0.4 0.7546875 0.08828125 0.084765625
2 0.3375 0.6484375 0.08203125 0.083984375
2 0.2765625 0.659375 0.080859375 0.077734375
2 0.253125 0.603125 0.084765625 0.075390625
2 0.3 0.575 0.062890625 0.059765625
2 0.34375 0.5328125 0.096484375 0.087109375
2 0.440625 0.659375 0.071875 0.075
2 0.4421875 0.60625 0.062109375 0.06796875
2 0.496875 0.5953125 0.075 0.078125
2 0.3859375 0.6015625 0.06640625 0.06640625
2 0.515625 0.71875 0.08203125 0.08671875
2 0.5828125 0.7078125 0.08515625 0.084765625
2 0.7375 0.7140625 0.087109375 0.09140625
2 0.321875 0.484375 0.06328125 0.06171875
2 0.353125 0.4453125 0.062890625 0.062890625
2 0.3875 0.40625 0.065625 0.065625
2 0.4421875 0.3859375 0.062109375 0.062109375
2 0.45625 0.35 0.0625 0.053125
2 0.4765625 0.421875 0.068359375 0.06953125
2 0.428125 0.4921875 0.06796875 0.075
2 0.5890625 0.50625 0.066015625 0.068359375
2 0.6375 0.440625 0.05703125 0.06171875
2 0.5453125 0.546875 0.071875 0.068359375
2 0.5203125 0.496875 0.07734375 0.07578125
2 0.5234375 0.446875 0.05859375 0.059765625
2 0.73125 0.5921875 0.08046875 0.084375
2 0.6765625 0.5625 0.062890625 0.071875
2 0.63125 0.5375 0.066015625 0.06328125
2 0.56875 0.453125 0.062109375 0.06328125
2 0.4703125 0.5234375 0.062890625 0.066015625