2 0.35625 0.7109375 0.05625 0.059375
2 0.25 0.68125 0.084375 0.084375
2 0.5921875 0.7234375 0.0578125 0.065625
2 0.81875 0.69375 0.065625 0.075
2 0.671875 0.6140625 0.06875 0.0625
2 0.5421875 0.61875 0.05 0.0578125
2 0.59375 0.6125 0.053125 0.0578125
2 0.653125 0.6953125 0.071875 0.0734375
2 0.6703125 0.7640625 0.0703125 0.065625
2 0.7109375 0.725 0.0640625 0.065625
2 0.4203125 0.7125 0.0703125 0.065625
2 0.3625 0.6140625 0.0640625 0.0640625
2 0.30625 0.6234375 0.0734375 0.0703125
2 0.284375 0.5734375 0.06875 0.0546875
2 0.328125 0.5453125 0.0578125 0.0546875
2 0.3671875 0.5078125 0.078125 0.0671875
2 0.4578125 0.625 0.0546875 0.059375
2 0.459375 0.575 0.0515625 0.0578125
2 0.509375 0.5640625 0.0578125 0.0625
2 0.40625 0.5703125 0.0609375 0.0609375
2 0.5265625 0.678125 0.065625 0.0671875
2 0.590625 0.66875 0.065625 0.0640625
2 0.734375 0.675 0.06875 0.075
2 0.3484375 0.4625 0.05 0.0453125
2 0.3765625 0.4265625 0.0484375 0.0484375
2 0.4078125 0.390625 0.0546875 0.0546875
2 0.459375 0.371875 0.046875 0.0484375
2 0.471875 0.3375 0.0515625 0.040625
2 0.4921875 0.403125 0.053125 0.05625
2 0.446875 0.46875 0.0578125 0.0640625
2 0.5953125 0.4828125 0.05625 0.05625
2 0.640625 0.421875 0.0484375 0.0515625
2 0.5546875 0.51875 0.0625 0.05625
2 0.53125 0.4734375 0.059375 0.059375
2 0.534375 0.4265625 0.046875 0.05
2 0.728125 0.5609375 0.0671875 0.0703125
2 0.6765625 0.534375 0.0484375 0.059375
2 0.634375 0.5109375 0.0546875 0.053125
2 0.5765625 0.4328125 0.0484375 0.0515625
2 0.4859375 0.4984375 0.0515625 0.0546875