2 0.3640625 0.53125 0.0671875 0.071875
2 0.4125 0.58125 0.071875 0.0796875
2 0.4765625 0.6375 0.059375 0.0734375
2 0.446875 0.7484375 0.0796875 0.0890625
2 0.2640625 0.628125 0.0890625 0.090625
2 0.425 0.6765625 0.078125 0.0828125
2 0.6953125 0.5890625 0.0734375 0.0734375
2 0.796875 0.421875 0.0828125 0.071875
2 0.49375 0.5109375 0.05625 0.0625
2 0.5140625 0.5578125 0.0546875 0.0546875
2 0.60625 0.559375 0.078125 0.078125
2 0.628125 0.4984375 0.0765625 0.065625
2 0.6078125 0.4171875 0.075 0.0765625
2 0.6734375 0.3796875 0.0765625 0.078125
2 0.68125 0.2859375 0.0640625 0.0671875
2 0.478125 0.2484375 0.06875 0.04375
2 0.38125 0.4109375 0.05625 0.0625
2 0.3125 0.4359375 0.075 0.065625
2 0.3609375 0.471875 0.0625 0.0640625
2 0.546875 0.3953125 0.0703125 0.05625
2 0.296875 0.521875 0.075 0.078125
2 0.2765625 0.3546875 0.0765625 0.0625
2 0.415625 0.365625 0.0578125 0.05625
2 0.509375 0.434375 0.065625 0.0765625
2 0.4359375 0.415625 0.0625 0.065625
2 0.6125 0.353125 0.0671875 0.06875
2 0.6859375 0.45 0.08125 0.078125
2 0.6984375 0.5234375 0.08125 0.0765625
2 0.4765625 0.29375 0.078125 0.0671875
2 0.465625 0.3515625 0.0734375 0.065625
2 0.5328125 0.334375 0.078125 0.078125
2 0.3609375 0.6546875 0.075 0.0734375
2 0.5296875 0.7421875 0.0890625 0.0953125
2 0.540625 0.61875 0.0734375 0.0828125
2 0.6484375 0.6578125 0.0828125 0.090625
2 0.7796875 0.496875 0.0703125 0.075
2 0.4359375 0.4859375 0.078125 0.0671875
2 0.5578125 0.50625 0.071875 0.078125
2 0.5875 0.2921875 0.06875 0.0625