2 0.628125 0.553125 0.090625 0.093359375
2 0.575 0.6078125 0.09375 0.099609375
2 0.5046875 0.66875 0.08359375 0.091015625
2 0.5375 0.7921875 0.10546875 0.1125
2 0.7375 0.659375 0.108984375 0.108984375
2 0.5609375 0.7125 0.103515625 0.106640625
2 0.2640625 0.6171875 0.081640625 0.084375
2 0.1625 0.434375 0.090625 0.094140625
2 0.4859375 0.53125 0.066015625 0.071875
2 0.4640625 0.5828125 0.071875 0.071875
2 0.3625 0.584375 0.09453125 0.09453125
2 0.3375 0.5171875 0.08828125 0.077734375
2 0.359375 0.428125 0.08125 0.084375
2 0.2890625 0.3859375 0.084765625 0.08515625
2 0.2796875 0.284375 0.078125 0.08125
2 0.503125 0.2421875 0.081640625 0.065234375
2 0.609375 0.4203125 0.07578125 0.080859375
2 0.684375 0.4484375 0.09375 0.0875
2 0.63125 0.4890625 0.08203125 0.084375
2 0.4265625 0.403125 0.0875 0.07578125
2 0.7015625 0.5421875 0.096875 0.099609375
2 0.7234375 0.3609375 0.084375 0.06875
2 0.5703125 0.371875 0.07734375 0.075390625
2 0.46875 0.446875 0.087109375 0.09453125
2 0.55 0.425 0.083984375 0.084765625
2 0.3546875 0.3578125 0.08125 0.08125
2 0.2734375 0.4640625 0.103515625 0.100390625
2 0.2609375 0.5453125 0.102734375 0.09765625
2 0.5046875 0.2921875 0.096484375 0.087890625
2 0.5171875 0.35625 0.09375 0.0875
2 0.4421875 0.3359375 0.084765625 0.084765625
2 0.63125 0.6890625 0.09921875 0.097265625
2 0.4453125 0.784375 0.112109375 0.118359375
2 0.434375 0.6484375 0.084765625 0.094140625
2 0.315625 0.6921875 0.105859375 0.109765625
2 0.171875 0.515625 0.091015625 0.094140625
2 0.55 0.5046875 0.08828125 0.075
2 0.4140625 0.5265625 0.083984375 0.08984375
2 0.3828125 0.290625 0.087890625 0.081640625