2 0.6625 0.5203125 0.080859375 0.084375
2 0.6125 0.571875 0.09375 0.09921875
2 0.54375 0.63125 0.06328125 0.077734375
2 0.5765625 0.7484375 0.10390625 0.112109375
2 0.76875 0.621875 0.109765625 0.11171875
2 0.5984375 0.6734375 0.087109375 0.090625
2 0.3140625 0.58125 0.091015625 0.09296875
2 0.20625 0.4046875 0.100390625 0.09375
2 0.5265625 0.4984375 0.071875 0.077734375
2 0.5046875 0.5484375 0.065625 0.065625
2 0.4078125 0.55 0.094140625 0.09375
2 0.384375 0.484375 0.08828125 0.080859375
2 0.4046875 0.3984375 0.09375 0.096484375
2 0.3375 0.359375 0.097265625 0.09921875
2 0.328125 0.2609375 0.081640625 0.083984375
2 0.5421875 0.2203125 0.078515625 0.062890625
2 0.6453125 0.3921875 0.07265625 0.07734375
2 0.7171875 0.41875 0.090234375 0.084375
2 0.665625 0.4578125 0.06875 0.069140625
2 0.4703125 0.375 0.077734375 0.0625
2 0.7328125 0.509375 0.094140625 0.096875
2 0.7546875 0.334375 0.08984375 0.07578125
2 0.6078125 0.3453125 0.06875 0.068359375
2 0.509375 0.4171875 0.069140625 0.08125
2 0.5875 0.396875 0.07578125 0.078515625
2 0.4 0.33125 0.084765625 0.084765625
2 0.3234375 0.434375 0.09765625 0.096484375
2 0.3109375 0.5109375 0.094140625 0.08984375
2 0.54375 0.26875 0.087890625 0.078515625
2 0.55625 0.33125 0.090625 0.084765625
2 0.484375 0.3109375 0.099609375 0.099609375
2 0.665625 0.65 0.08203125 0.080859375
2 0.4875 0.7421875 0.115625 0.119140625
2 0.4765625 0.6109375 0.096875 0.102734375
2 0.3640625 0.653125 0.106640625 0.11171875
2 0.225 0.484375 0.078125 0.08203125
2 0.5875 0.471875 0.084375 0.072265625
2 0.4578125 0.49375 0.084765625 0.08828125
2 0.4265625 0.2671875 0.075390625 0.069140625