2 0.54375 0.2265625 0.09453125 0.09140625
2 0.6515625 0.2703125 0.102734375 0.099609375
2 0.7328125 0.3640625 0.100390625 0.102734375
2 0.409375 0.4234375 0.087890625 0.083984375
2 0.515625 0.4453125 0.087109375 0.081640625
2 0.390625 0.5421875 0.08125 0.084375
2 0.678125 0.6671875 0.094140625 0.0875
2 0.4546875 0.621875 0.081640625 0.08046875
2 0.4265625 0.484375 0.09765625 0.093359375
2 0.3484375 0.4859375 0.09765625 0.109765625
2 0.3109375 0.359375 0.096875 0.08828125
2 0.5984375 0.3375 0.09609375 0.09296875
2 0.3015625 0.43125 0.08125 0.087109375
2 0.5171875 0.684375 0.0875 0.08125
2 0.828125 0.4671875 0.094140625 0.09140625
2 0.659375 0.375 0.090234375 0.09453125
2 0.45625 0.303125 0.09296875 0.10625
2 0.359375 0.2796875 0.109375 0.118359375
2 0.2671875 0.290625 0.11015625 0.12578125
2 0.240625 0.3921875 0.096484375 0.09765625
2 0.25625 0.496875 0.099609375 0.097265625
2 0.3171875 0.559375 0.090234375 0.090625
2 0.2609375 0.5953125 0.084375 0.091015625
2 0.4484375 0.7328125 0.093359375 0.081640625
2 0.5546875 0.7296875 0.071875 0.065234375
2 0.5828125 0.6796875 0.071875 0.071484375
2 0.7359375 0.5828125 0.097265625 0.084375
2 0.6421875 0.6125 0.08515625 0.084765625
2 0.6625 0.521875 0.075 0.084375
2 0.7390625 0.4703125 0.112109375 0.103125
2 0.6203125 0.478125 0.07890625 0.08203125
2 0.59375 0.5546875 0.097265625 0.100390625
2 0.528125 0.5171875 0.091015625 0.093359375
2 0.459375 0.5515625 0.08203125 0.078125
2 0.5828125 0.4203125 0.080859375 0.069140625
2 0.396875 0.3640625 0.07578125 0.068359375
2 0.5328125 0.3734375 0.08515625 0.081640625
2 0.534375 0.296875 0.0875 0.099609375
2 0.3546875 0.6640625 0.090625 0.087890625
2 0.4234375 0.675 0.08125 0.08125
2 0.3828125 0.6046875 0.093359375 0.0875
2 0.534375 0.6125 0.096484375 0.10078125