2 0.5125 0.2359375 0.096875 0.093359375
2 0.6234375 0.28125 0.10859375 0.103515625
2 0.709375 0.378125 0.097265625 0.100390625
2 0.3734375 0.4375 0.08359375 0.075390625
2 0.4828125 0.4609375 0.09765625 0.09609375
2 0.353125 0.5609375 0.084765625 0.0875
2 0.6515625 0.690625 0.090625 0.08125
2 0.4203125 0.64375 0.0875 0.08671875
2 0.390625 0.5015625 0.09921875 0.090234375
2 0.3109375 0.503125 0.084765625 0.103125
2 0.271875 0.3734375 0.105859375 0.100390625
2 0.56875 0.35 0.10078125 0.097265625
2 0.2625 0.446875 0.0875 0.091015625
2 0.4859375 0.7078125 0.096875 0.091015625
2 0.8078125 0.484375 0.116015625 0.112890625
2 0.63125 0.3890625 0.084375 0.09375
2 0.4234375 0.3140625 0.10234375 0.11484375
2 0.321875 0.290625 0.10703125 0.119140625
2 0.2265625 0.3015625 0.115234375 0.12890625
2 0.1984375 0.40625 0.097265625 0.1
2 0.215625 0.515625 0.103515625 0.103125
2 0.278125 0.5796875 0.084765625 0.08515625
2 0.2203125 0.6171875 0.094140625 0.1
2 0.4140625 0.759375 0.096875 0.090234375
2 0.5234375 0.7546875 0.071875 0.0625
2 0.553125 0.703125 0.08203125 0.081640625
2 0.7109375 0.603125 0.096875 0.081640625
2 0.6140625 0.634375 0.096875 0.09453125
2 0.6359375 0.540625 0.084375 0.09375
2 0.715625 0.4875 0.11171875 0.1
2 0.590625 0.4953125 0.07578125 0.081640625
2 0.5640625 0.575 0.096875 0.102734375
2 0.496875 0.5359375 0.084375 0.087109375
2 0.425 0.571875 0.091015625 0.08671875
2 0.553125 0.4359375 0.084375 0.072265625
2 0.3609375 0.378125 0.084375 0.078515625
2 0.5015625 0.3875 0.083984375 0.080859375
2 0.503125 0.309375 0.099609375 0.106640625
2 0.3171875 0.6875 0.08984375 0.087890625
2 0.3890625 0.6984375 0.094140625 0.094140625
2 0.346875 0.6265625 0.093359375 0.087109375
2 0.503125 0.634375 0.097265625 0.105859375