2 0.4703125 0.7671875 0.078125 0.071875
2 0.3671875 0.725 0.0875 0.084375
2 0.2875 0.634375 0.0796875 0.0828125
2 0.6 0.578125 0.0734375 0.0671875
2 0.4984375 0.55625 0.0765625 0.071875
2 0.61875 0.4625 0.065625 0.0703125
2 0.340625 0.3421875 0.0796875 0.06875
2 0.5578125 0.3859375 0.06875 0.0671875
2 0.584375 0.51875 0.08125 0.071875
2 0.659375 0.5171875 0.0765625 0.09375
2 0.6953125 0.6390625 0.084375 0.075
2 0.41875 0.659375 0.0859375 0.0828125
2 0.7046875 0.56875 0.078125 0.0828125
2 0.496875 0.3265625 0.078125 0.071875
2 0.1953125 0.5359375 0.0921875 0.0859375
2 0.359375 0.6234375 0.0765625 0.084375
2 0.5546875 0.69375 0.0828125 0.096875
2 0.65 0.715625 0.0828125 0.0984375
2 0.7375 0.70625 0.090625 0.109375
2 0.7640625 0.6078125 0.075 0.0796875
2 0.7484375 0.50625 0.0828125 0.0828125
2 0.6890625 0.4453125 0.078125 0.0796875
2 0.74375 0.4109375 0.071875 0.0796875
2 0.5625 0.278125 0.0796875 0.0671875
2 0.4609375 0.2828125 0.059375 0.05
2 0.4328125 0.3296875 0.06875 0.0671875
2 0.2859375 0.4234375 0.0875 0.071875
2 0.3765625 0.3953125 0.078125 0.0765625
2 0.35625 0.4828125 0.0703125 0.0796875
2 0.2828125 0.53125 0.09375 0.0796875
2 0.396875 0.525 0.071875 0.075
2 0.4234375 0.4515625 0.0765625 0.0828125
2 0.4859375 0.4875 0.071875 0.075
2 0.553125 0.453125 0.0796875 0.075
2 0.4328125 0.5796875 0.071875 0.0609375
2 0.6125 0.634375 0.0703125 0.0625
2 0.48125 0.625 0.0734375 0.071875
2 0.4796875 0.6984375 0.0734375 0.0875
2 0.653125 0.3453125 0.075 0.071875
2 0.5859375 0.334375 0.078125 0.078125
2 0.625 0.4015625 0.078125 0.071875
2 0.4796875 0.3953125 0.0765625 0.0859375