2 0.45625 0.7078125 0.097265625 0.097265625
2 0.35 0.63125 0.083984375 0.078125
2 0.5859375 0.4234375 0.062890625 0.065625
2 0.4703125 0.55625 0.06015625 0.0625
2 0.65 0.553125 0.08125 0.071875
2 0.6984375 0.6078125 0.07890625 0.072265625
2 0.403125 0.421875 0.081640625 0.083984375
2 0.3578125 0.5046875 0.075 0.06875
2 0.2921875 0.5171875 0.074609375 0.06875
2 0.3890625 0.55625 0.072265625 0.071875
2 0.309375 0.578125 0.071875 0.074609375
2 0.5015625 0.61875 0.069140625 0.07421875
2 0.4890625 0.5109375 0.068359375 0.062890625
2 0.50625 0.2828125 0.05703125 0.0625
2 0.3890625 0.309375 0.07265625 0.08046875
2 0.284375 0.3765625 0.072265625 0.072265625
2 0.2234375 0.4125 0.083984375 0.071875
2 0.3359375 0.44375 0.078515625 0.078125
2 0.775 0.5078125 0.0875 0.077734375
2 0.7671875 0.440625 0.08984375 0.078125
2 0.6765625 0.49375 0.0875 0.078125
2 0.6015625 0.515625 0.062890625 0.071484375
2 0.559375 0.5671875 0.080859375 0.080859375
2 0.6078125 0.628125 0.066015625 0.066015625
2 0.5484375 0.6484375 0.08515625 0.084765625
2 0.525 0.7140625 0.078515625 0.080859375
2 0.4421875 0.603125 0.08515625 0.08125
2 0.675 0.4140625 0.084375 0.07734375
2 0.625 0.3828125 0.062890625 0.071875
2 0.6765625 0.35625 0.074609375 0.066015625
2 0.6953125 0.31875 0.059765625 0.046875
2 0.5328125 0.434375 0.056640625 0.053515625
2 0.4828125 0.4046875 0.07109375 0.06015625
2 0.484375 0.4546875 0.08046875 0.077734375
2 0.4296875 0.5046875 0.065625 0.072265625
2 0.41875 0.371875 0.068359375 0.068359375
2 0.478125 0.35 0.090234375 0.09375
2 0.44375 0.3078125 0.062890625 0.07109375
2 0.5375 0.321875 0.071875 0.06953125
2 0.59375 0.2984375 0.07421875 0.07109375
2 0.26875 0.4640625 0.075 0.06640625
2 0.2078125 0.4703125 0.058984375 0.065234375
2 0.540625 0.4859375 0.078125 0.065625
2 0.609375 0.4640625 0.065625 0.056640625
2 0.58125 0.365625 0.050390625 0.05703125
2 0.5328125 0.3734375 0.068359375 0.06484375
2 0.340625 0.3734375 0.062890625 0.06640625