2 0.5421875 0.7 0.0828125 0.0828125
2 0.6453125 0.6265625 0.0734375 0.0671875
2 0.4140625 0.421875 0.0515625 0.0546875
2 0.528125 0.5515625 0.0484375 0.0515625
2 0.3515625 0.55 0.0703125 0.05625
2 0.3046875 0.603125 0.0765625 0.06875
2 0.59375 0.421875 0.06875 0.0703125
2 0.6375 0.5015625 0.0703125 0.0640625
2 0.703125 0.515625 0.071875 0.0671875
2 0.6078125 0.5515625 0.071875 0.0703125
2 0.6859375 0.575 0.059375 0.0625
2 0.496875 0.6140625 0.05625 0.0640625
2 0.5109375 0.509375 0.0578125 0.053125
2 0.49375 0.284375 0.046875 0.053125
2 0.6078125 0.3109375 0.059375 0.06875
2 0.7109375 0.3765625 0.0671875 0.0671875
2 0.7703125 0.4109375 0.075 0.0625
2 0.659375 0.4421875 0.0671875 0.0640625
2 0.2296875 0.5046875 0.0765625 0.0640625
2 0.2375 0.4390625 0.078125 0.0625
2 0.3265625 0.490625 0.078125 0.065625
2 0.4 0.5140625 0.053125 0.0625
2 0.440625 0.5625 0.065625 0.065625
2 0.3921875 0.6234375 0.0609375 0.0609375
2 0.4515625 0.64375 0.0703125 0.06875
2 0.475 0.70625 0.0671875 0.06875
2 0.5546875 0.5984375 0.0734375 0.0671875
2 0.328125 0.4140625 0.071875 0.0609375
2 0.3765625 0.3828125 0.05625 0.065625
2 0.325 0.35625 0.065625 0.05625
2 0.3078125 0.3203125 0.059375 0.046875
2 0.4671875 0.434375 0.0515625 0.0484375
2 0.5171875 0.4046875 0.0625 0.0515625
2 0.5140625 0.453125 0.065625 0.0640625
2 0.5671875 0.503125 0.0640625 0.0703125
2 0.5796875 0.371875 0.05625 0.05625
2 0.5203125 0.3515625 0.071875 0.078125
2 0.5546875 0.309375 0.0515625 0.0609375
2 0.4625 0.321875 0.0625 0.059375
2 0.4078125 0.3 0.06875 0.0671875
2 0.7265625 0.4625 0.071875 0.065625
2 0.784375 0.4671875 0.0546875 0.0609375
2 0.4578125 0.484375 0.0703125 0.0546875
2 0.3921875 0.4625 0.0609375 0.0515625
2 0.41875 0.365625 0.0390625 0.0515625
2 0.4671875 0.3734375 0.05625 0.053125
2 0.6546875 0.3734375 0.053125 0.059375