2 0.4671875 0.309375 0.091015625 0.093359375
2 0.35625 0.3875 0.091015625 0.087890625
2 0.6 0.603125 0.05625 0.059765625
2 0.48125 0.465625 0.05703125 0.062109375
2 0.6671875 0.4671875 0.078125 0.066015625
2 0.7171875 0.4125 0.090234375 0.084375
2 0.4125 0.603125 0.08671875 0.087890625
2 0.365625 0.51875 0.078125 0.072265625
2 0.296875 0.5046875 0.075390625 0.071875
2 0.396875 0.465625 0.07578125 0.075390625
2 0.315625 0.4421875 0.074609375 0.07734375
2 0.5140625 0.4 0.074609375 0.078515625
2 0.5 0.5109375 0.068359375 0.062890625
2 0.51875 0.746875 0.05 0.056640625
2 0.396875 0.71875 0.077734375 0.084375
2 0.2890625 0.65 0.084765625 0.084765625
2 0.225 0.6140625 0.091015625 0.081640625
2 0.3421875 0.58125 0.080859375 0.078125
2 0.7953125 0.515625 0.093359375 0.084375
2 0.7890625 0.584375 0.091015625 0.080859375
2 0.69375 0.5296875 0.091015625 0.08359375
2 0.6171875 0.50625 0.06640625 0.074609375
2 0.5734375 0.453125 0.069140625 0.069140625
2 0.6234375 0.390625 0.069140625 0.06875
2 0.5625 0.36875 0.087890625 0.087890625
2 0.5375 0.303125 0.08125 0.08203125
2 0.453125 0.4171875 0.091015625 0.0875
2 0.6921875 0.6109375 0.084765625 0.075
2 0.640625 0.64375 0.069140625 0.077734375
2 0.69375 0.671875 0.078515625 0.07421875
2 0.7125 0.709375 0.066015625 0.05546875
2 0.5453125 0.590625 0.0625 0.059765625
2 0.49375 0.6203125 0.068359375 0.056640625
2 0.4953125 0.56875 0.072265625 0.06953125
2 0.4390625 0.5171875 0.071484375 0.077734375
2 0.428125 0.65625 0.069140625 0.069140625
2 0.4890625 0.678125 0.09140625 0.09453125
2 0.453125 0.721875 0.065234375 0.071875
2 0.55 0.7078125 0.078515625 0.078125
2 0.609375 0.73125 0.078515625 0.07578125
2 0.271875 0.559375 0.08125 0.075390625
2 0.2109375 0.5546875 0.068359375 0.072265625
2 0.5546875 0.5375 0.081640625 0.07421875
2 0.625 0.559375 0.071875 0.065625
2 0.5953125 0.6625 0.053125 0.059375
2 0.5453125 0.653125 0.07109375 0.068359375
2 0.346875 0.6546875 0.069140625 0.072265625