2 0.484375 0.259375 0.07578125 0.08046875
2 0.5359375 0.2921875 0.059375 0.06484375
2 0.4296875 0.2171875 0.065625 0.06484375
2 0.6703125 0.271875 0.075 0.071875
2 0.278125 0.434375 0.059375 0.069140625
2 0.425 0.334375 0.06875 0.06953125
2 0.4828125 0.3390625 0.0625 0.074609375
2 0.546875 0.35625 0.06875 0.06953125
2 0.2734375 0.25 0.056640625 0.053515625
2 0.3671875 0.26875 0.06640625 0.06796875
2 0.271875 0.2984375 0.071484375 0.06640625
2 0.3 0.3671875 0.0875 0.0875
2 0.3578125 0.3359375 0.0875 0.08515625
2 0.3703125 0.396875 0.07734375 0.074609375
2 0.465625 0.425 0.077734375 0.066015625
2 0.51875 0.4078125 0.074609375 0.071484375
2 0.3921875 0.4515625 0.078515625 0.069140625
2 0.3265625 0.4453125 0.06640625 0.07109375
2 0.4734375 0.478125 0.06484375 0.06875
2 0.5984375 0.3125 0.07109375 0.06171875
2 0.578125 0.40625 0.06875 0.066015625
2 0.4078125 0.509375 0.08359375 0.078515625
2 0.275 0.5296875 0.08203125 0.071875
2 0.471875 0.7265625 0.090234375 0.08125
2 0.384375 0.675 0.090234375 0.091015625
2 0.259375 0.640625 0.058984375 0.059375
2 0.515625 0.54375 0.05703125 0.062890625
2 0.571875 0.5671875 0.072265625 0.062109375
2 0.453125 0.65625 0.084375 0.080859375
2 0.525 0.6859375 0.08203125 0.087890625
2 0.5859375 0.6515625 0.06875 0.07265625
2 0.5140625 0.6171875 0.075390625 0.075390625
2 0.634375 0.3625 0.071484375 0.08046875
2 0.759375 0.4609375 0.07578125 0.078515625
2 0.66875 0.7015625 0.078515625 0.08125
2 0.6484375 0.6265625 0.0875 0.090625
2 0.5984375 0.7125 0.08359375 0.090234375
2 0.8359375 0.6390625 0.083984375 0.084375
2 0.715625 0.6515625 0.083984375 0.084375
2 0.6078125 0.5140625 0.05859375 0.05859375
2 0.6390625 0.559375 0.071484375 0.072265625
2 0.7046875 0.584375 0.078125 0.071875
2 0.5390625 0.45625 0.080859375 0.075
2 0.6109375 0.4609375 0.07734375 0.071875
2 0.64375 0.41875 0.065625 0.06796875
2 0.696875 0.4171875 0.06796875 0.068359375
2 0.1671875 0.6125 0.090625 0.0875
2 0.234375 0.5890625 0.09375 0.090234375
2 0.2375 0.484375 0.08046875 0.072265625
2 0.3328125 0.609375 0.090625 0.09296875
2 0.346875 0.54375 0.0625 0.062890625
2 0.421875 0.571875 0.084765625 0.084375
2 0.7328125 0.5171875 0.083984375 0.077734375
2 0.66875 0.4953125 0.09296875 0.087890625
2 0.665625 0.3234375 0.065625 0.06640625