2 0.49375 0.6703125 0.0625 0.066015625
2 0.546875 0.6375 0.06796875 0.071875
2 0.4390625 0.7140625 0.06484375 0.062890625
2 0.6828125 0.659375 0.069140625 0.0625
2 0.284375 0.4953125 0.056640625 0.06640625
2 0.4328125 0.596875 0.069140625 0.071875
2 0.4921875 0.5921875 0.075390625 0.08359375
2 0.55625 0.575 0.075390625 0.077734375
2 0.28125 0.68125 0.065625 0.0625
2 0.375 0.6625 0.0625 0.0625
2 0.278125 0.63125 0.06328125 0.05703125
2 0.30625 0.5625 0.074609375 0.074609375
2 0.365625 0.59375 0.078125 0.074609375
2 0.378125 0.53125 0.07421875 0.071484375
2 0.475 0.5046875 0.081640625 0.075
2 0.528125 0.521875 0.075390625 0.071484375
2 0.4 0.4765625 0.081640625 0.072265625
2 0.334375 0.4828125 0.06953125 0.072265625
2 0.4828125 0.45 0.06640625 0.071484375
2 0.609375 0.61875 0.07421875 0.065625
2 0.5890625 0.5234375 0.078125 0.078125
2 0.415625 0.41875 0.075390625 0.06953125
2 0.2828125 0.3984375 0.08359375 0.071484375
2 0.48125 0.1984375 0.087890625 0.07734375
2 0.3921875 0.25 0.09140625 0.094140625
2 0.265625 0.2859375 0.05703125 0.059375
2 0.525 0.384375 0.06875 0.071875
2 0.5828125 0.359375 0.083984375 0.077734375
2 0.4625 0.26875 0.08671875 0.08203125
2 0.534375 0.2390625 0.080859375 0.087890625
2 0.596875 0.275 0.08125 0.08203125
2 0.525 0.309375 0.084765625 0.087109375
2 0.6453125 0.5671875 0.069140625 0.07890625
2 0.771875 0.4671875 0.07578125 0.07890625
2 0.6796875 0.225 0.087109375 0.0875
2 0.659375 0.3 0.08671875 0.090234375
2 0.609375 0.2140625 0.072265625 0.083984375
2 0.8453125 0.2875 0.075 0.081640625
2 0.728125 0.275 0.083984375 0.084375
2 0.61875 0.4140625 0.056640625 0.05390625
2 0.65 0.36875 0.081640625 0.081640625
2 0.7171875 0.3421875 0.08125 0.075390625
2 0.55 0.4734375 0.087109375 0.08125
2 0.621875 0.4671875 0.084375 0.081640625
2 0.6546875 0.5109375 0.05859375 0.062109375
2 0.709375 0.5109375 0.068359375 0.068359375
2 0.171875 0.3140625 0.096875 0.094140625
2 0.240625 0.3390625 0.093359375 0.087109375
2 0.24375 0.44375 0.072265625 0.06171875
2 0.340625 0.3171875 0.099609375 0.10234375
2 0.3546875 0.384375 0.066015625 0.06796875
2 0.43125 0.35625 0.078515625 0.078515625
2 0.7453125 0.409375 0.084375 0.078515625
2 0.68125 0.4328125 0.084765625 0.080859375
2 0.678125 0.6078125 0.06796875 0.068359375