2 0.484375 0.3 0.05625 0.0609375
2 0.5328125 0.3296875 0.0484375 0.0546875
2 0.4359375 0.2625 0.0515625 0.0484375
2 0.6546875 0.309375 0.0578125 0.0515625
2 0.2984375 0.4578125 0.0453125 0.05625
2 0.43125 0.3671875 0.0515625 0.053125
2 0.4828125 0.3703125 0.0546875 0.065625
2 0.540625 0.3859375 0.05625 0.0578125
2 0.2953125 0.290625 0.05 0.046875
2 0.3796875 0.3078125 0.05625 0.05625
2 0.2921875 0.334375 0.0546875 0.05
2 0.31875 0.396875 0.065625 0.065625
2 0.3703125 0.36875 0.065625 0.0640625
2 0.3828125 0.425 0.0578125 0.05625
2 0.46875 0.4484375 0.0640625 0.053125
2 0.515625 0.434375 0.0578125 0.0515625
2 0.4015625 0.4734375 0.0671875 0.0578125
2 0.34375 0.46875 0.0515625 0.05625
2 0.475 0.4984375 0.0484375 0.053125
2 0.5890625 0.346875 0.0609375 0.053125
2 0.5703125 0.4328125 0.059375 0.0578125
2 0.415625 0.5265625 0.065625 0.0609375
2 0.296875 0.54375 0.0671875 0.053125
2 0.4734375 0.721875 0.0765625 0.0671875
2 0.3953125 0.6765625 0.06875 0.0703125
2 0.28125 0.6453125 0.0515625 0.0515625
2 0.5140625 0.55625 0.05 0.0546875
2 0.5640625 0.578125 0.065625 0.0546875
2 0.4578125 0.659375 0.065625 0.0609375
2 0.521875 0.6859375 0.0671875 0.0734375
2 0.578125 0.6546875 0.0609375 0.0625
2 0.5125 0.6234375 0.0640625 0.065625
2 0.621875 0.3921875 0.0609375 0.071875
2 0.734375 0.48125 0.0609375 0.0640625
2 0.6515625 0.6984375 0.0671875 0.0703125
2 0.634375 0.63125 0.0671875 0.071875
2 0.5890625 0.709375 0.059375 0.0703125
2 0.8046875 0.64375 0.0609375 0.0640625
2 0.6953125 0.653125 0.0625 0.0640625
2 0.5984375 0.5296875 0.0484375 0.0484375
2 0.625 0.5703125 0.0609375 0.0609375
2 0.6859375 0.59375 0.0671875 0.0625
2 0.534375 0.4765625 0.0671875 0.059375
2 0.6 0.48125 0.0640625 0.0609375
2 0.6296875 0.44375 0.0484375 0.0515625
2 0.678125 0.4421875 0.053125 0.053125
2 0.1984375 0.6203125 0.0765625 0.0734375
2 0.2578125 0.596875 0.071875 0.065625
2 0.2625 0.503125 0.0640625 0.053125
2 0.3484375 0.615625 0.0765625 0.078125
2 0.3609375 0.55625 0.05625 0.0578125
2 0.428125 0.58125 0.0640625 0.0640625
2 0.7109375 0.5328125 0.0671875 0.0609375
2 0.653125 0.5125 0.075 0.06875
2 0.65 0.35625 0.0515625 0.0515625