2 0.565625 0.6171875 0.0515625 0.0515625
2 0.4359375 0.61875 0.0515625 0.0390625
2 0.5328125 0.6578125 0.0453125 0.0484375
2 0.35 0.5890625 0.05625 0.05
2 0.5171875 0.4671875 0.040625 0.0390625
2 0.73125 0.5265625 0.0515625 0.053125
2 0.221875 0.5671875 0.0515625 0.0515625
2 0.25625 0.528125 0.0671875 0.0609375
2 0.2578125 0.6734375 0.0546875 0.0515625
2 0.446875 0.6609375 0.0515625 0.0515625
2 0.4640625 0.4890625 0.05625 0.05
2 0.6375 0.5609375 0.0421875 0.040625
2 0.515625 0.5921875 0.0484375 0.0546875
2 0.4125 0.5828125 0.0578125 0.05
2 0.815625 0.721875 0.0515625 0.0609375
2 0.5046875 0.703125 0.05 0.0515625
2 0.5484375 0.746875 0.040625 0.053125
2 0.3875 0.6828125 0.0484375 0.046875
2 0.378125 0.5359375 0.0421875 0.0390625
2 0.284375 0.7328125 0.04375 0.0453125
2 0.35 0.503125 0.0546875 0.0453125
2 0.340625 0.546875 0.0421875 0.040625
2 0.309375 0.6484375 0.05625 0.05
2 0.3828125 0.7515625 0.065625 0.059375
2 0.6359375 0.615625 0.04375 0.046875
2 0.528125 0.5109375 0.0453125 0.0390625
2 0.425 0.5328125 0.05 0.0546875
2 0.31875 0.7671875 0.065625 0.065625
2 0.58125 0.70625 0.0515625 0.05625
2 0.6328125 0.70625 0.0578125 0.0609375
2 0.6015625 0.759375 0.0609375 0.05625
2 0.7171875 0.6296875 0.05 0.0546875
2 0.7625 0.61875 0.0546875 0.0578125
2 0.796875 0.5953125 0.0640625 0.05
2 0.7015625 0.5640625 0.053125 0.046875
2 0.653125 0.4875 0.0453125 0.0484375
2 0.365625 0.6375 0.0578125 0.0515625
2 0.4265625 0.725 0.059375 0.0609375
2 0.7578125 0.73125 0.05625 0.0609375
2 0.7 0.696875 0.05625 0.0578125
2 0.7453125 0.675 0.0625 0.0546875
2 0.33125 0.690625 0.059375 0.0546875
2 0.4578125 0.578125 0.0390625 0.046875
2 0.609375 0.6515625 0.0640625 0.0640625
2 0.553125 0.5671875 0.0515625 0.0515625
2 0.6015625 0.5890625 0.0515625 0.0578125
2 0.6734375 0.6421875 0.05 0.059375
2 0.615625 0.5171875 0.04375 0.046875
2 0.575 0.515625 0.0515625 0.053125
2 0.6625 0.5328125 0.0515625 0.046875
2 0.515625 0.546875 0.040625 0.0390625
2 0.4734375 0.5390625 0.0515625 0.0515625
2 0.7734375 0.5453125 0.0421875 0.0421875