2 0.546875 0.6109375 0.056640625 0.056640625
2 0.40625 0.6125 0.06171875 0.050390625
2 0.5109375 0.6546875 0.05859375 0.059765625
2 0.315625 0.58125 0.06875 0.062109375
2 0.4953125 0.45 0.047265625 0.046875
2 0.7234375 0.5140625 0.0625 0.065625
2 0.1765625 0.55625 0.06640625 0.066015625
2 0.2140625 0.5140625 0.084375 0.080859375
2 0.215625 0.671875 0.068359375 0.066015625
2 0.41875 0.6578125 0.062890625 0.0625
2 0.4375 0.4734375 0.062890625 0.05859375
2 0.6234375 0.5515625 0.047265625 0.04609375
2 0.4921875 0.5828125 0.05859375 0.0625
2 0.3828125 0.575 0.06640625 0.059375
2 0.8140625 0.7234375 0.059765625 0.06875
2 0.48125 0.703125 0.06328125 0.066015625
2 0.528125 0.75 0.044140625 0.056640625
2 0.3546875 0.68125 0.0625 0.06171875
2 0.3453125 0.525 0.05234375 0.049609375
2 0.24375 0.734375 0.04921875 0.050390625
2 0.3140625 0.4890625 0.066015625 0.059765625
2 0.3046875 0.534375 0.053125 0.052734375
2 0.271875 0.64375 0.06953125 0.065625
2 0.35 0.75625 0.080859375 0.075390625
2 0.621875 0.609375 0.055859375 0.058984375
2 0.50625 0.496875 0.053125 0.04453125
2 0.3953125 0.5203125 0.0625 0.066015625
2 0.28125 0.771875 0.078125 0.078125
2 0.5625 0.7046875 0.059375 0.06484375
2 0.6171875 0.70625 0.075390625 0.077734375
2 0.584375 0.7640625 0.074609375 0.07109375
2 0.709375 0.625 0.066015625 0.068359375
2 0.7578125 0.6125 0.062890625 0.06796875
2 0.79375 0.5875 0.072265625 0.058984375
2 0.6921875 0.553125 0.062109375 0.05546875
2 0.640625 0.471875 0.06171875 0.0625
2 0.33125 0.6328125 0.071484375 0.065625
2 0.396875 0.725 0.07578125 0.077734375
2 0.7515625 0.7328125 0.062890625 0.068359375
2 0.690625 0.696875 0.074609375 0.075
2 0.7375 0.6734375 0.077734375 0.071484375
2 0.29375 0.6890625 0.06875 0.065625
2 0.4296875 0.5703125 0.05234375 0.056640625
2 0.59375 0.6484375 0.08203125 0.08359375
2 0.5328125 0.5578125 0.06015625 0.06015625
2 0.584375 0.5796875 0.059765625 0.06640625
2 0.6625 0.6375 0.058984375 0.066015625
2 0.6 0.5046875 0.053125 0.05859375
2 0.55625 0.503125 0.06328125 0.065234375
2 0.65 0.5203125 0.065234375 0.06015625
2 0.49375 0.534375 0.04453125 0.044140625
2 0.446875 0.5265625 0.066015625 0.06640625
2 0.76875 0.534375 0.05078125 0.05078125