2 0.4453125 0.3484375 0.062109375 0.062890625
2 0.5890625 0.3453125 0.058984375 0.046875
2 0.4828125 0.303125 0.05625 0.058984375
2 0.6828125 0.378125 0.062890625 0.056640625
2 0.4984375 0.5125 0.05234375 0.050390625
2 0.2640625 0.446875 0.059375 0.0625
2 0.825 0.403125 0.066015625 0.066015625
2 0.7859375 0.446875 0.084765625 0.08125
2 0.7859375 0.2859375 0.068359375 0.066015625
2 0.5765625 0.3 0.066015625 0.066015625
2 0.5578125 0.4890625 0.069140625 0.065625
2 0.3671875 0.409375 0.05390625 0.053515625
2 0.5015625 0.3765625 0.065234375 0.06875
2 0.6140625 0.384375 0.075 0.069140625
2 0.171875 0.2328125 0.059765625 0.06875
2 0.5125 0.253125 0.059765625 0.062109375
2 0.465625 0.20625 0.056640625 0.066015625
2 0.6421875 0.275 0.059375 0.05625
2 0.653125 0.4359375 0.052734375 0.05
2 0.75625 0.221875 0.059375 0.059765625
2 0.6828125 0.471875 0.062109375 0.053125
2 0.69375 0.425 0.053515625 0.05078125
2 0.7265625 0.3140625 0.065625 0.05859375
2 0.646875 0.2 0.08203125 0.078515625
2 0.36875 0.35 0.052734375 0.053515625
2 0.4875 0.465625 0.056640625 0.052734375
2 0.6 0.440625 0.066015625 0.069140625
2 0.7171875 0.1828125 0.07890625 0.078515625
2 0.4296875 0.2515625 0.0625 0.068359375
2 0.3734375 0.25 0.075 0.077734375
2 0.40625 0.190625 0.071875 0.06796875
2 0.2796875 0.334375 0.06484375 0.068359375
2 0.2296875 0.3453125 0.07265625 0.075390625
2 0.1921875 0.371875 0.077734375 0.06328125
2 0.296875 0.4078125 0.06171875 0.056640625
2 0.35 0.490625 0.056640625 0.062109375
2 0.665625 0.3265625 0.07421875 0.069140625
2 0.5984375 0.23125 0.07890625 0.080859375
2 0.2359375 0.221875 0.06484375 0.069140625
2 0.2984375 0.2609375 0.068359375 0.07109375
2 0.25 0.284375 0.071875 0.065625
2 0.7046875 0.2671875 0.074609375 0.07109375
2 0.565625 0.390625 0.050390625 0.05625
2 0.3984375 0.309375 0.072265625 0.07421875
2 0.459375 0.403125 0.065234375 0.065234375
2 0.4078125 0.3796875 0.06875 0.074609375
2 0.328125 0.3203125 0.062890625 0.071484375
2 0.3921875 0.4578125 0.059375 0.06015625
2 0.4359375 0.459375 0.058984375 0.059375
2 0.340625 0.440625 0.059375 0.053515625
2 0.5 0.4265625 0.05 0.05
2 0.546875 0.434375 0.056640625 0.056640625
2 0.21875 0.4265625 0.050390625 0.050390625