0 0.126953125 0.24853515625 0.1875 0.1826171875
0 0.1689453125 0.45556640625 0.14453125 0.1513671875
0 0.24462890625 0.58349609375 0.1474609375 0.1455078125
0 0.0986328125 0.8857421875 0.158203125 0.12109375
0 0.92138671875 0.1884765625 0.1064453125 0.107421875
0 0.4462890625 0.3671875 0.1640625 0.18359375
0 0.61767578125 0.35302734375 0.1611328125 0.1552734375
0 0.9384765625 0.44873046875 0.123046875 0.1806640625
0 0.78662109375 0.6240234375 0.1708984375 0.146484375
0 0.919921875 0.6279296875 0.13671875 0.16015625
0 0.43359375 0.8046875 0.166015625 0.1640625
0 0.58349609375 0.81103515625 0.1572265625 0.1650390625
0 0.53955078125 0.958984375 0.1494140625 0.08203125
0 0.92529296875 0.9423828125 0.1494140625 0.115234375