7 0.58671875 0.059375 0.046875 0.08359375
7 0.81640625 0.0625 0.046875 0.1015625
7 0.11640625 0.61015625 0.2265625 0.7796875
7 0.91171875 0.61640625 0.1765625 0.63671875
7 0.18359375 0.628125 0.09296875 0.61328125
7 0.46171875 0.63671875 0.103125 0.6546875
7 0.3265625 0.64296875 0.0796875 0.58359375
7 0.79140625 0.6546875 0.096875 0.60703125
7 0.596875 0.66640625 0.10703125 0.57109375
7 0.38515625 0.66953125 0.08984375 0.61328125
7 0.88828125 0.66953125 0.11015625 0.5296875
7 0.65859375 0.67578125 0.0765625 0.5296875
7 0.73671875 0.67578125 0.0796875 0.5890625
7 0.103125 0.67890625 0.11328125 0.5953125
7 0.93984375 0.684375 0.0796875 0.48828125
7 0.05 0.69375 0.1 0.6015625
7 0.853125 0.07109375 0.046875 0.0953125
7 0.55703125 0.809375 0.0796875 0.38125
7 0.225 0.83046875 0.06328125 0.30390625
7 0.4984375 0.88984375 0.06328125 0.2203125
7 0.278125 0.9078125 0.05 0.125
7 0.428125 0.9375 0.05703125 0.125
7 0.425 0.1484375 0.05703125 0.17890625
7 0.31484375 0.16953125 0.15 0.3390625
7 0.928125 0.17578125 0.14296875 0.30390625
7 0.10703125 0.17890625 0.046875 0.11875
7 0.31328125 0.18125 0.046875 0.20859375
7 0.053125 0.1984375 0.10625 0.3875
7 0.4453125 0.20234375 0.05 0.17890625
7 0.06640625 0.20234375 0.046875 0.2734375
7 0.88984375 0.20234375 0.06015625 0.25
7 0.6546875 0.20546875 0.203125 0.30390625
7 0.275 0.2171875 0.06328125 0.3984375
7 0.48203125 0.2234375 0.16328125 0.38671875
7 0.98828125 0.2234375 0.0234375 0.1609375
7 0.16015625 0.2234375 0.153125 0.42265625
7 0.8046875 0.22890625 0.11640625 0.32734375
7 0.1546875 0.22890625 0.05 0.184375
7 0.91640625 0.23515625 0.06640625 0.19609375
7 0.96171875 0.23828125 0.04296875 0.17890625
7 0.53203125 0.246875 0.05703125 0.315625
7 0.0265625 0.26484375 0.053125 0.32734375
7 0.2046875 0.27109375 0.06328125 0.3515625
7 0.49140625 0.2765625 0.05 0.29140625
7 0.83203125 0.2796875 0.05703125 0.309375
7 0.75859375 0.0296875 0.05703125 0.059375
7 0.79296875 0.30078125 0.053125 0.32734375
7 0.55 0.0390625 0.03984375 0.07734375
7 0.7078125 0.04140625 0.05625 0.0828125
7 0.6 0.440625 0.1 0.29765625
7 0.875 0.44921875 0.096875 0.25625
7 0.03671875 0.54453125 0.0734375 0.4109375
7 0.378125 0.57109375 0.2703125 0.79765625
7 0.28828125 0.57109375 0.08984375 0.57109375
7 0.69140625 0.5890625 0.296875 0.73828125