8 0.43359375 0.2015625 0.3046875 0.403125
8 0.77578125 0.21875 0.390625 0.4375
8 0.86796875 0.65625 0.2640625 0.578125
8 0.55859375 0.609375 0.33046875 0.46328125
8 0.73515625 0.8953125 0.3578125 0.209375
8 0.35859375 0.8421875 0.3234375 0.315625
8 0.2421875 0.5234375 0.31796875 0.40078125
8 0.10390625 0.80703125 0.2078125 0.3859375
8 0.06328125 0.45703125 0.1265625 0.3328125
8 0.17578125 0.1796875 0.2734375 0.359375
8 0.97109375 0.284375 0.0578125 0.221875
8 0.02578125 0.21015625 0.0515625 0.1921875