8 0.96484375 0.91875 0.0703125 0.1625
8 0.81875 0.90625 0.18515625 0.1875
8 0.61171875 0.88515625 0.2140625 0.2296875
8 0.40625 0.8484375 0.21875 0.303125
8 0.20546875 0.83046875 0.1921875 0.3390625
8 0.0609375 0.8203125 0.121875 0.359375
8 0.11875 0.5234375 0.22109375 0.34921875
8 0.31875 0.55703125 0.21640625 0.33828125
8 0.52734375 0.58984375 0.21640625 0.37734375
8 0.7265625 0.63984375 0.19296875 0.44609375
8 0.91484375 0.659375 0.1703125 0.409375
8 0.83203125 0.34140625 0.1953125 0.34375
8 0.959375 0.296875 0.08125 0.296875
8 0.634375 0.31875 0.18984375 0.29921875
8 0.45703125 0.2984375 0.1484375 0.28359375
8 0.2875 0.24375 0.17421875 0.28359375
8 0.11875 0.21484375 0.1953125 0.26796875
8 0.22265625 0.0640625 0.1171875 0.12734375
8 0.3546875 0.0921875 0.128125 0.184375
8 0.45703125 0.0859375 0.084375 0.171875
8 0.571875 0.09921875 0.15390625 0.19765625
8 0.74765625 0.109375 0.17734375 0.21328125
8 0.921875 0.1078125 0.15625 0.215625
8 0.05546875 0.05703125 0.1078125 0.1140625
8 0.02578125 0.1359375 0.0515625 0.190625
8 0.1359375 0.0390625 0.13359375 0.078125