8 0.6625 0.47734375 0.28125 0.4046875
8 0.359375 0.53125 0.2546875 0.40078125
8 0.584375 0.70078125 0.24765625 0.359375
8 0.815625 0.7859375 0.2671875 0.3953125
8 0.921875 0.45703125 0.15625 0.3765625
8 0.77890625 0.4109375 0.1625 0.309375
8 0.54375 0.25078125 0.2453125 0.36796875
8 0.73828125 0.128125 0.23125 0.25625
8 0.92421875 0.08359375 0.15078125 0.1625
8 0.11875 0.4109375 0.23671875 0.40859375
8 0.1578125 0.77890625 0.27109375 0.384375
8 0.37890625 0.9046875 0.23125 0.18984375
8 0.38359375 0.0953125 0.2421875 0.190625
8 0.1296875 0.08984375 0.23984375 0.1796875
8 0.93046875 0.92578125 0.1390625 0.1484375
8 0.60546875 0.98046875 0.1171875 0.0390625