6 0.380859375 0.4443359375 0.38671875 0.3974609375 0.380859375 0.3056640625 0.3564453125 0.291015625 0.3134765625 0.287109375 0.2451171875 0.2890625 0.1923828125 0.302734375 0.16015625 0.3408203125 0.162109375 0.4189453125 0.1767578125 0.427734375 0.2255859375 0.435546875 0.23828125 0.4482421875 0.2490234375 0.482421875 0.2900390625 0.5 0.328125 0.5341796875 0.3583984375 0.5 0.3740234375 0.49609375 0.388671875 0.4814453125 0.380859375 0.4443359375
6 0.810546875 0.4267578125 0.830078125 0.3896484375 0.833984375 0.3564453125 0.822265625 0.3115234375 0.7822265625 0.2890625 0.7177734375 0.279296875 0.6572265625 0.279296875 0.6083984375 0.298828125 0.59375 0.3232421875 0.59375 0.3818359375 0.60546875 0.4638671875 0.6201171875 0.478515625 0.6572265625 0.4765625 0.7119140625 0.48828125 0.7431640625 0.505859375 0.7568359375 0.521484375 0.765625 0.5205078125 0.787109375 0.5068359375 0.806640625 0.4755859375 0.814453125 0.4365234375 0.810546875 0.4267578125
6 0.5355471578125 0.6767578125 0.5355471578125 0.6552734375 0.5501955953125 0.658203125 0.5550784078125 0.6533203125 0.5531252828125 0.6162109375 0.5482424703125 0.611328125 0.5453127828125 0.6240234375 0.5384768453125 0.625 0.5414065328125 0.6142578125 0.5355471578125 0.6103515625 0.5365237203125 0.6015625 0.5404299703125 0.607421875 0.5492190328125 0.6064453125 0.5511721578125 0.5908203125 0.5423830953125 0.59765625 0.5375002828125 0.5869140625 0.5345705953125 0.53515625 0.4857424703125 0.533203125 0.3861330953125 0.50390625 0.3470705953125 0.515625 0.3050784078125 0.5771484375 0.2992190328125 0.6103515625 0.3031252828125 0.6767578125 0.3167971578125 0.6962890625 0.3177737203125 0.72265625 0.4222659078125 0.7275390625 0.4857424703125 0.72265625 0.5052737203125 0.71875 0.5199221578125 0.7080078125 0.5355471578125 0.6767578125
6 0.587890625 0.1630859375 0.59375 0.1357421875 0.58984375 0.1220703125 0.595703125 0.1181640625 0.587890625 0.1083984375 0.587890625 0.0888671875 0.5732421875 0.0703125 0.5517578125 0.060546875 0.4482421875 0.052734375 0.4345703125 0.068359375 0.4189453125 0.07421875 0.39453125 0.1044921875 0.390625 0.1572265625 0.396484375 0.2333984375 0.4013671875 0.2421875 0.4306640625 0.259765625 0.52734375 0.2607421875 0.5791015625 0.251953125 0.59765625 0.2216796875 0.59765625 0.1767578125 0.587890625 0.1630859375
6 0.4599609375 1 0.4638671875 0.990234375 0.470703125 0.9951171875 0.4658203125 1 0.484375 0.9990234375 0.4765625 0.9931640625 0.4892578125 0.9921875 0.4931640625 0.986328125 0.5068359375 0.9921875 0.5107421875 0.984375 0.53125 0.9833984375 0.533203125 0.9580078125 0.5283203125 0.951171875 0.4912109375 0.94140625 0.4873046875 0.947265625 0.4462890625 0.947265625 0.427734375 0.9677734375 0.4375 0.9716796875 0.4306640625 0.9765625 0.4248046875 0.96875 0.4169921875 0.978515625 0.4111328125 0.974609375 0.404296875 0.9912109375 0.404296875 0.9990234375 0.4130859375 1 0.4169921875 0.982421875 0.4208984375 1 0.4462890625 1 0.4482421875 0.9921875 0.4501953125 1 0.4599609375 1
6 0.6181640625 0.7578125 0.6064453125 0.76953125 0.5966796875 0.76171875 0.4677734375 0.751953125 0.3662109375 0.755859375 0.36328125 0.7646484375 0.369140625 0.7685546875 0.373046875 0.8134765625 0.3779296875 0.8125 0.380859375 0.8212890625 0.384765625 0.8720703125 0.435546875 0.9306640625 0.431640625 0.9462890625 0.4619140625 0.94140625 0.4755859375 0.9453125 0.4775390625 0.939453125 0.5205078125 0.94140625 0.544921875 0.9560546875 0.54296875 0.9736328125 0.5224609375 1 0.595703125 0.9990234375 0.6328125 0.8896484375 0.646484375 0.7646484375 0.6357421875 0.7578125 0.6181640625 0.7578125
6 1 0.4755859375 0.9921875 0.4775390625 0.99609375 0.4833984375 0.9912109375 0.490234375 0.9833984375 0.486328125 0.9755859375 0.455078125 0.96875 0.4755859375 0.974609375 0.5224609375 0.970703125 0.5283203125 0.9755859375 0.533203125 0.98828125 0.5283203125 0.9794921875 0.515625 0.9921875 0.5205078125 0.9921875 0.5537109375 0.98828125 0.5751953125 0.9755859375 0.5703125 0.96875 0.5869140625 1 0.5947265625 1 0.4755859375
6 0.8857421875 0.48828125 0.8466796875 0.478515625 0.8232421875 0.484375 0.814453125 0.4990234375 0.798828125 0.5087890625 0.78125 0.5400390625 0.775390625 0.5927734375 0.76171875 0.6435546875 0.77734375 0.6904296875 0.7900390625 0.705078125 0.8134765625 0.7109375 0.93359375 0.7138671875 0.9453125 0.7041015625 0.943359375 0.4794921875 0.9365234375 0.474609375 0.8857421875 0.48828125
6 0.341796875 0.1552734375 0.3271484375 0.123046875 0.3076171875 0.123046875 0.2744140625 0.111328125 0.25 0.0888671875 0.2333984375 0.060546875 0.2060546875 0.091796875 0.1826171875 0.107421875 0.1435546875 0.107421875 0.1162109375 0.091796875 0.111328125 0.0947265625 0.107421875 0.2353515625 0.1142578125 0.24609375 0.2412109375 0.24609375 0.30859375 0.2529296875 0.310546875 0.2294921875 0.3359375 0.2060546875 0.33984375 0.1943359375 0.341796875 0.1552734375
6 0.9111328125 0.044921875 0.8408203125 0.046875 0.8134765625 0.0546875 0.7900390625 0.0703125 0.76171875 0.1064453125 0.7578125 0.1376953125 0.75 0.1494140625 0.75 0.2177734375 0.7724609375 0.240234375 0.857421875 0.2412109375 0.9130859375 0.236328125 0.91796875 0.2314453125 0.921875 0.0537109375 0.9111328125 0.044921875
6 0.19921875 0.5712890625 0.1650390625 0.537109375 0.1044921875 0.517578125 0.0625 0.5400390625 0.037109375 0.6298828125 0.041015625 0.6572265625 0.03515625 0.6591796875 0.03125 0.7060546875 0.0361328125 0.71484375 0.0654296875 0.724609375 0.125 0.7236328125 0.1728515625 0.71484375 0.2109375 0.6923828125 0.212890625 0.6044921875 0.19921875 0.5712890625
6 0.8310546875 0.97265625 0.912109375 0.9658203125 0.9072265625 0.76171875 0.7802734375 0.76171875 0.759765625 0.7744140625 0.748046875 0.8251953125 0.748046875 0.8779296875 0.755859375 0.9248046875 0.7724609375 0.94921875 0.798828125 0.9580078125 0.80859375 0.9736328125 0.80859375 0.9853515625 0.8193359375 0.984375 0.82421875 0.9794921875 0.8203125 0.9755859375 0.8310546875 0.97265625