8 0.353125 0.3765625 0.48671875 0.51328125
8 0.46484375 0.8109375 0.4296875 0.378125
8 0.63046875 0.73828125 0.171875 0.2109375
8 0.840625 0.81640625 0.31875 0.3671875
8 0.8203125 0.63515625 0.28671875 0.19765625
8 0.85390625 0.51171875 0.19296875 0.0859375
8 0.94921875 0.4703125 0.1015625 0.26328125
8 0.81640625 0.36953125 0.23671875 0.21875
8 0.71875 0.3109375 0.11484375 0.15859375
8 0.646875 0.15625 0.1640625 0.18203125
8 0.571875 0.26015625 0.14296875 0.1875
8 0.87109375 0.1796875 0.1171875 0.109375
8 0.96328125 0.17109375 0.0734375 0.1046875
8 0.72109375 0.08984375 0.08828125 0.08046875
8 0.12890625 0.73125 0.2578125 0.5375