8 0.828125 0.328125 0.21875 0.28671875
8 0.48828125 0.196875 0.1484375 0.17421875
8 0.61171875 0.3453125 0.19765625 0.2421875
8 0.7265625 0.5609375 0.20859375 0.2734375
8 0.85703125 0.75390625 0.21328125 0.24765625
8 0.93359375 0.91015625 0.1328125 0.1796875
8 0.76015625 0.9140625 0.20859375 0.171875
8 0.63671875 0.7640625 0.20546875 0.2421875
8 0.54765625 0.91484375 0.2171875 0.1703125
8 0.3359375 0.9203125 0.19765625 0.15390625
8 0.128125 0.94375 0.215625 0.1125
8 0.053125 0.809375 0.10625 0.265625
8 0.2203125 0.81015625 0.1953125 0.22421875
8 0.11484375 0.6171875 0.19296875 0.22890625
8 0.31015625 0.60390625 0.18203125 0.27578125
8 0.18984375 0.38515625 0.19765625 0.25
8 0.0453125 0.3921875 0.0859375 0.25234375
8 0.04921875 0.16640625 0.09375 0.19765625
8 0.196875 0.17578125 0.20546875 0.18984375
8 0.375 0.1703125 0.13046875 0.1640625
8 0.41015625 0.38125 0.18515625 0.2265625
8 0.60390625 0.1390625 0.15625 0.1640625
8 0.7734375 0.165625 0.17734375 0.18515625
8 0.9359375 0.128125 0.128125 0.221875
8 0.9734375 0.34296875 0.053125 0.1984375
8 0.7359375 0.0375 0.1625 0.075
8 0.0640625 0.0625 0.12734375 0.125
8 0.21796875 0.0546875 0.17109375 0.10859375
8 0.3890625 0.06015625 0.15859375 0.11953125
8 0.55703125 0.05078125 0.16640625 0.1015625
8 0.8953125 0.0296875 0.140625 0.059375
8 0.92578125 0.54921875 0.1484375 0.25
8 0.5203125 0.56484375 0.203125 0.2515625
8 0.43125 0.78203125 0.203125 0.27265625