8 0.3734375 0.58984375 0.45546875 0.3671875
8 0.76796875 0.8515625 0.328125 0.296875
8 0.20546875 0.95703125 0.28671875 0.0859375
8 0.09921875 0.740625 0.19296875 0.51796875
8 0.22265625 0.38125 0.2734375 0.41953125
8 0.62734375 0.18359375 0.36484375 0.33046875
8 0.84453125 0.52890625 0.3109375 0.5546875
8 0.90078125 0.15078125 0.1984375 0.3015625
8 0.07578125 0.275 0.15078125 0.41953125
8 0.1265625 0.07265625 0.1875 0.1453125
8 0.31796875 0.12109375 0.16640625 0.2421875
8 0.4640625 0.1 0.175 0.2
8 0.96484375 0.890625 0.0703125 0.21875
8 0.521875 0.4828125 0.43984375 0.3203125
8 0.39609375 0.2890625 0.109375 0.125