8 0.80078125 0.7109375 0.22734375 0.32734375
8 0.58046875 0.7140625 0.2171875 0.3140625
8 0.35234375 0.7140625 0.23125 0.31875
8 0.1234375 0.7171875 0.21953125 0.325
8 0.2359375 0.4859375 0.22578125 0.30234375
8 0.15703125 0.37734375 0.20859375 0.2421875
8 0.3625 0.225 0.221875 0.340625
8 0.5625 0.24140625 0.22109375 0.28046875
8 0.68203125 0.4609375 0.228125 0.29921875
8 0.46484375 0.48203125 0.19375 0.2765625
8 0.17578125 0.11171875 0.14375 0.21640625
8 0.52890625 0.1390625 0.1421875 0.15546875
8 0.209375 0.23125 0.109375 0.15078125
8 0.096875 0.5421875 0.08515625 0.08671875