8 0.07578125 0.278125 0.1515625 0.484375
8 0.0875 0.0421875 0.175 0.084375
8 0.0296875 0.690625 0.059375 0.384375
8 0.1078125 0.8984375 0.215625 0.203125
8 0.2453125 0.1953125 0.25 0.390625
8 0.44375 0.16484375 0.19375 0.3296875
8 0.61015625 0.13359375 0.2078125 0.2671875
8 0.7984375 0.10234375 0.190625 0.2046875
8 0.9453125 0.06328125 0.109375 0.1265625
8 0.19609375 0.61171875 0.2921875 0.4515625
8 0.39765625 0.49140625 0.2328125 0.4140625
8 0.57890625 0.42109375 0.2140625 0.3515625
8 0.75234375 0.3328125 0.2140625 0.325
8 0.9171875 0.28203125 0.165625 0.3171875
8 0.353125 0.8359375 0.23125 0.328125
8 0.55234375 0.76796875 0.2203125 0.3921875
8 0.74140625 0.66875 0.2234375 0.38125
8 0.90390625 0.590625 0.1921875 0.371875
8 0.51328125 0.9734375 0.1328125 0.053125
8 0.69921875 0.921875 0.2171875 0.15625
8 0.88125 0.87734375 0.21875 0.2453125