6 0.5 0.365625 0.7921875 0.73125
6 0.46328125 0.5125 0.11796875 0.103125
6 0.284375 0.56796875 0.12578125 0.10234375
6 0.4109375 0.55859375 0.025 0.0234375
6 0.4765625 0.65 0.07109375 0.03671875
6 0.6 0.6140625 0.05703125 0.03515625
6 0.728125 0.52265625 0.0453125 0.02734375
6 0.546875 0.503125 0.04375 0.04609375
6 0.678125 0.40859375 0.0515625 0.0421875
6 0.515625 0.38125 0.04140625 0.03515625
6 0.6 0.2953125 0.05859375 0.03671875
6 0.334375 0.325 0.0875 0.04921875
6 0.76953125 0.296875 0.075 0.0390625
6 0.8125 0.48984375 0.05390625 0.08046875
6 0.22734375 0.42734375 0.09296875 0.0734375
6 0.378125 0.4515625 0.06796875 0.03125