6 0.35546875 0.35 0.7109375 0.7
6 0.3546875 0.57890625 0.10078125 0.10234375
6 0.415625 0.55546875 0.0375 0.02421875
6 0.65 0.45234375 0.0671875 0.1140625
6 0.10625 0.5359375 0.04765625 0.06484375
6 0.23671875 0.63203125 0.0875 0.04609375
6 0.35859375 0.38359375 0.04375 0.034375
6 0.18203125 0.4640625 0.06015625 0.0671875
6 0.31875 0.478125 0.040625 0.028125
6 0.2640625 0.55234375 0.03671875 0.02734375
6 0.3234375 0.61796875 0.0234375 0.02109375
6 0.5109375 0.61796875 0.05390625 0.02734375
6 0.5796875 0.521875 0.0296875 0.03203125
6 0.48046875 0.4578125 0.04765625 0.0375
6 0.5171875 0.340625 0.05234375 0.05234375