6 0.56171875 0.34453125 0.7421875 0.68359375
6 0.4984375 0.51953125 0.11015625 0.08515625
6 0.3140625 0.53828125 0.11640625 0.07734375
6 0.27578125 0.41328125 0.08671875 0.06484375
6 0.39375 0.34609375 0.06796875 0.03359375
6 0.534375 0.40546875 0.0578125 0.03046875
6 0.43359375 0.4625 0.05390625 0.02578125
6 0.6109375 0.3234375 0.046875 0.02421875
6 0.6984375 0.4296875 0.02890625 0.0328125
6 0.61015625 0.60078125 0.0453125 0.03671875
6 0.5640625 0.5078125 0.04296875 0.04296875
6 0.4375 0.55078125 0.03203125 0.02109375
6 0.8 0.32421875 0.05703125 0.03984375
6 0.74609375 0.52734375 0.0328125 0.0234375
6 0.83046875 0.4859375 0.06875 0.09921875