2 0.790625 0.05625 0.08046875 0.077734375
2 0.7109375 0.0953125 0.091015625 0.09375
2 0.6078125 0.0890625 0.0875 0.090625
2 0.76875 0.253125 0.084375 0.08203125
2 0.7453125 0.353125 0.07109375 0.06796875
2 0.6953125 0.29375 0.08125 0.083984375
2 0.646875 0.1921875 0.08125 0.08515625
2 0.5625 0.2140625 0.08828125 0.090234375
2 0.465625 0.2453125 0.075390625 0.080859375
2 0.3546875 0.2828125 0.09375 0.097265625
2 0.3734375 0.153125 0.081640625 0.087109375
2 0.203125 0.2875 0.08203125 0.087109375
2 0.33046875 0.03125 0.0859375 0.0625
2 0.6296875 0.4015625 0.08359375 0.071484375
2 0.4328125 0.4078125 0.078125 0.07265625
2 0.1890625 0.45625 0.102734375 0.09921875
2 0.428125 0.5453125 0.08046875 0.08359375
2 0.5421875 0.5484375 0.08515625 0.081640625
2 0.6671875 0.51875 0.07265625 0.071484375
2 0.68125 0.4453125 0.075 0.065625
2 0.7328125 0.6125 0.08359375 0.077734375
2 0.6421875 0.634375 0.07265625 0.06953125
2 0.6953125 0.6984375 0.078515625 0.078515625
2 0.728125 0.7609375 0.090234375 0.08359375
2 0.6609375 0.8328125 0.084375 0.090625
2 0.5953125 0.8078125 0.077734375 0.080859375
2 0.5140625 0.803125 0.083984375 0.083984375
2 0.590625 0.8734375 0.07421875 0.075390625
2 0.528125 0.878125 0.074609375 0.077734375
2 0.4109375 0.8078125 0.087890625 0.090625
2 0.43125 0.8734375 0.077734375 0.080859375
2 0.3765625 0.921875 0.087109375 0.08828125
2 0.35 0.64375 0.072265625 0.084765625
2 0.421875 0.6765625 0.075390625 0.077734375
2 0.59375 0.678125 0.07421875 0.075
2 0.4890625 0.6703125 0.083984375 0.083984375
2 0.5421875 0.7140625 0.07265625 0.072265625