2 0.44375 0.1765625 0.0625 0.065625
2 0.496875 0.303125 0.0515625 0.0515625
2 0.4515625 0.3421875 0.0609375 0.0609375
2 0.384375 0.3296875 0.05625 0.05625
2 0.265625 0.3234375 0.0625 0.0640625
2 0.29375 0.1984375 0.0609375 0.059375
2 0.346875 0.28125 0.059375 0.0609375
2 0.33125 0.3421875 0.0578125 0.05
2 0.365625 0.425 0.065625 0.0640625
2 0.3203125 0.4640625 0.0640625 0.0671875
2 0.21875 0.28125 0.065625 0.065625
2 0.2734375 0.253125 0.059375 0.0671875
2 0.3765625 0.215625 0.0609375 0.0609375
2 0.3890625 0.1546875 0.05625 0.0640625
2 0.453125 0.1171875 0.05625 0.0703125
2 0.4828125 0.21875 0.0546875 0.05625
2 0.4375 0.25625 0.0578125 0.065625
2 0.303125 0.1296875 0.0671875 0.0734375
2 0.246875 0.15625 0.0578125 0.0703125
2 0.4515625 0.4046875 0.065625 0.065625
2 0.559375 0.6703125 0.059375 0.0609375
2 0.671875 0.6078125 0.053125 0.0625
2 0.490625 0.590625 0.0625 0.0640625
2 0.7796875 0.6390625 0.0609375 0.053125
2 0.6859375 0.7 0.0609375 0.0625
2 0.775 0.7328125 0.065625 0.0640625
2 0.809375 0.684375 0.071875 0.0640625
2 0.571875 0.5296875 0.0625 0.0625
2 0.63125 0.54375 0.05625 0.0703125
2 0.5828125 0.5828125 0.0578125 0.053125
2 0.503125 0.6515625 0.065625 0.0609375
2 0.6265625 0.715625 0.0546875 0.053125
2 0.6328125 0.7734375 0.071875 0.065625
2 0.790625 0.80625 0.0640625 0.0609375
2 0.4640625 0.7609375 0.0671875 0.0671875
2 0.4453125 0.6796875 0.0578125 0.0625
2 0.5296875 0.7953125 0.053125 0.059375
2 0.40625 0.778125 0.0578125 0.0578125
2 0.4015625 0.71875 0.0625 0.05625
2 0.575 0.753125 0.0578125 0.0640625
2 0.5421875 0.846875 0.0578125 0.0578125
2 0.590625 0.915625 0.0515625 0.0703125
2 0.6609375 0.9328125 0.06875 0.0671875
2 0.54375 0.9453125 0.0609375 0.0671875
2 0.6140625 0.834375 0.0625 0.0625
2 0.7140625 0.8125 0.0609375 0.0578125
2 0.7296875 0.8671875 0.06875 0.065625