6 0.5953125 0.3078125 0.54375 0.615625
6 0.53046875 0.47421875 0.0875 0.0640625
6 0.646875 0.346875 0.05 0.03046875
6 0.57890625 0.47578125 0.0296875 0.021875
6 0.39765625 0.4859375 0.08125 0.06640625
6 0.36953125 0.378125 0.065625 0.05
6 0.48125 0.3421875 0.05 0.02421875
6 0.47890625 0.4296875 0.03671875 0.01640625
6 0.57109375 0.39765625 0.06015625 0.0203125
6 0.6828125 0.43671875 0.02265625 0.0234375
6 0.78203125 0.3703125 0.03359375 0.034375
6 0.70859375 0.5078125 0.0359375 0.01640625
6 0.778125 0.48984375 0.04921875 0.06875
6 0.59375 0.553125 0.0359375 0.0234375
6 0.50625 0.55859375 0.025 0.0109375
6 0.48046875 0.4984375 0.02109375 0.015625