6 0.42578125 0.35625 0.83671875 0.7125
6 0.22578125 0.4546875 0.1578125 0.1765625
6 0.64453125 0.5296875 0.09453125 0.09609375
6 0.5265625 0.43203125 0.0390625 0.028125
6 0.24296875 0.2125 0.0515625 0.0296875
6 0.2859375 0.3609375 0.034375 0.0296875
6 0.4109375 0.6296875 0.05 0.02890625
6 0.203125 0.55625 0.04921875 0.03203125
6 0.66953125 0.32265625 0.05 0.0265625
6 0.67734375 0.45625 0.0390625 0.0234375
6 0.44375 0.26171875 0.0671875 0.0296875
6 0.6078125 0.1953125 0.0765625 0.03828125
6 0.74453125 0.23984375 0.02890625 0.028125