2 0.534375 0.8625 0.074609375 0.078515625
2 0.475 0.721875 0.06796875 0.068359375
2 0.525 0.678125 0.081640625 0.08203125
2 0.5984375 0.6921875 0.075 0.075
2 0.73125 0.7 0.08125 0.081640625
2 0.7 0.8390625 0.071875 0.069140625
2 0.640625 0.7453125 0.071484375 0.069140625
2 0.659375 0.678125 0.071484375 0.065625
2 0.6203125 0.5859375 0.0875 0.087109375
2 0.671875 0.5421875 0.083984375 0.084765625
2 0.784375 0.7453125 0.081640625 0.081640625
2 0.7234375 0.778125 0.06875 0.077734375
2 0.609375 0.81875 0.08125 0.08125
2 0.5953125 0.8859375 0.066015625 0.07265625
2 0.5234375 0.928125 0.080859375 0.087890625
2 0.4890625 0.8171875 0.071484375 0.07265625
2 0.540625 0.775 0.071484375 0.080859375
2 0.6890625 0.9140625 0.084375 0.090625
2 0.7515625 0.8859375 0.071875 0.083984375
2 0.525 0.6078125 0.081640625 0.07890625
2 0.4046875 0.3140625 0.078515625 0.08125
2 0.2796875 0.3828125 0.071484375 0.078125
2 0.48125 0.403125 0.080859375 0.08203125
2 0.159375 0.3484375 0.07578125 0.069140625
2 0.265625 0.28125 0.07578125 0.077734375
2 0.165625 0.24375 0.08125 0.08125
2 0.1453125 0.2984375 0.04609375 0.07265625
2 0.390625 0.4703125 0.07421875 0.072265625
2 0.3265625 0.4546875 0.072265625 0.084765625
2 0.378125 0.4109375 0.07421875 0.07109375
2 0.46875 0.334375 0.0875 0.084765625
2 0.3296875 0.2640625 0.071875 0.071484375
2 0.3234375 0.2 0.08125 0.07578125
2 0.1546875 0.1640625 0.065234375 0.071875
2 0.5109375 0.2125 0.090234375 0.090234375
2 0.5328125 0.303125 0.066015625 0.06953125
2 0.4375 0.175 0.07421875 0.07578125
2 0.5765625 0.19375 0.071875 0.071484375
2 0.58125 0.2609375 0.08125 0.077734375
2 0.3890625 0.221875 0.07734375 0.08046875
2 0.4234375 0.1171875 0.06875 0.069140625
2 0.3703125 0.040625 0.0625 0.08125
2 0.29296875 0.034375 0.0859375 0.06875
2 0.421875 0.02734375 0.075 0.0546875
2 0.34375 0.13125 0.08125 0.08125
2 0.2328125 0.15625 0.06875 0.062890625
2 0.2171875 0.0953125 0.07890625 0.075