2 0.3375 0.5 0.0640625 0.0546875
2 0.6109375 0.5640625 0.065625 0.0671875
2 0.309375 0.5609375 0.065625 0.0625
2 0.3359375 0.609375 0.0671875 0.0671875
2 0.3984375 0.6703125 0.065625 0.06875
2 0.440625 0.7421875 0.0734375 0.0625
2 0.5546875 0.6890625 0.06875 0.0671875
2 0.6578125 0.765625 0.0671875 0.0578125
2 0.575 0.8671875 0.059375 0.0609375
2 0.3421875 0.3609375 0.059375 0.0546875
2 0.28125 0.3109375 0.0625 0.059375
2 0.3265625 0.25 0.06875 0.0640625
2 0.7390625 0.2171875 0.0609375 0.0609375
2 0.74375 0.1265625 0.0640625 0.0640625
2 0.64375 0.2125 0.06875 0.0671875
2 0.559375 0.2265625 0.0640625 0.0609375
2 0.4328125 0.1109375 0.065625 0.075
2 0.30625 0.13125 0.06875 0.075
2 0.46875 0.271875 0.059375 0.0640625
2 0.471875 0.3953125 0.0609375 0.0609375
2 0.53125 0.334375 0.059375 0.0640625
2 0.603125 0.3015625 0.053125 0.059375
2 0.49375 0.55625 0.053125 0.0546875
2 0.4328125 0.5421875 0.0609375 0.059375
2 0.6625 0.7078125 0.0625 0.05625
2 0.64375 0.65 0.0609375 0.0578125
2 0.5625 0.5953125 0.05 0.05625
2 0.5640625 0.803125 0.059375 0.0671875
2 0.6703125 0.8953125 0.065625 0.071875
2 0.3359375 0.796875 0.0609375 0.0546875
2 0.4015625 0.8203125 0.0609375 0.06875
2 0.2921875 0.73125 0.065625 0.0640625
2 0.7140625 0.746875 0.0640625 0.059375
2 0.7703125 0.7734375 0.0640625 0.0625
2 0.7890625 0.715625 0.065625 0.0625
2 0.74375 0.5390625 0.065625 0.065625
2 0.671875 0.559375 0.0640625 0.065625
2 0.4390625 0.478125 0.06875 0.0609375
2 0.515625 0.440625 0.0625 0.053125
2 0.203125 0.5109375 0.06875 0.05625
2 0.44375 0.88125 0.071875 0.084375
2 0.490625 0.790625 0.0578125 0.053125