2 0.21875 0.3953125 0.059375 0.053125
2 0.2015625 0.5203125 0.0578125 0.0515625
2 0.21875 0.459375 0.0609375 0.0671875
2 0.278125 0.39375 0.059375 0.059375
2 0.3171875 0.440625 0.0640625 0.059375
2 0.1265625 0.7203125 0.0625 0.065625
2 0.184375 0.7125 0.0578125 0.0625
2 0.35625 0.7734375 0.053125 0.0625
2 0.3875 0.6625 0.0609375 0.053125
2 0.2984375 0.6015625 0.0609375 0.0515625
2 0.396875 0.5109375 0.0625 0.065625
2 0.1515625 0.5953125 0.0671875 0.059375
2 0.15 0.534375 0.0609375 0.0546875
2 0.5515625 0.371875 0.0609375 0.0625
2 0.8 0.28125 0.0546875 0.059375
2 0.66875 0.2546875 0.0515625 0.0609375
2 0.7765625 0.4734375 0.0578125 0.0515625
2 0.7015625 0.3171875 0.0578125 0.059375
2 0.6515625 0.3328125 0.053125 0.05625
2 0.7640625 0.3328125 0.0625 0.0578125
2 0.821875 0.334375 0.05625 0.0546875
2 0.70625 0.375 0.053125 0.0609375
2 0.6515625 0.3875 0.05625 0.0546875
2 0.54375 0.3125 0.0640625 0.05625
2 0.603125 0.35 0.05625 0.05625
2 0.5890625 0.4421875 0.0640625 0.065625
2 0.65 0.446875 0.059375 0.0609375
2 0.6921875 0.490625 0.0515625 0.0515625
2 0.7359375 0.43125 0.0625 0.0546875
2 0.7734375 0.390625 0.0640625 0.05625
2 0.8484375 0.384375 0.0671875 0.0578125
2 0.8171875 0.434375 0.0671875 0.0625
2 0.878125 0.4453125 0.06875 0.059375
2 0.621875 0.2796875 0.0640625 0.06875
2 0.7140625 0.209375 0.0671875 0.065625
2 0.7421875 0.2640625 0.06875 0.0578125
2 0.8359375 0.2375 0.0703125 0.0546875
2 0.8671875 0.2890625 0.071875 0.0640625
2 0.046875 0.5375 0.06875 0.0578125
2 0.08125 0.5828125 0.06875 0.05
2 0.06875 0.65 0.06875 0.065625
2 0.140625 0.659375 0.0625 0.0625
2 0.1875 0.784375 0.059375 0.0609375
2 0.2609375 0.7671875 0.0640625 0.0640625
2 0.3109375 0.803125 0.0671875 0.071875
2 0.1984375 0.575 0.0546875 0.0546875
2 0.253125 0.559375 0.0640625 0.065625
2 0.2640625 0.6421875 0.0546875 0.0546875
2 0.4609375 0.565625 0.0609375 0.0578125
2 0.44375 0.621875 0.0703125 0.05625
2 0.34375 0.55625 0.0609375 0.0578125
2 0.3984375 0.5828125 0.053125 0.05625
2 0.3171875 0.6609375 0.0625 0.0578125
2 0.2140625 0.63125 0.0703125 0.0703125
2 0.303125 0.71875 0.065625 0.06875
2 0.2703125 0.5 0.06875 0.0625
2 0.3328125 0.4984375 0.065625 0.0609375