6 0.5171875 0.35 0.50546875 0.6890625
6 0.459375 0.55859375 0.07734375 0.05859375
6 0.3859375 0.446875 0.04140625 0.02890625
6 0.5296875 0.4359375 0.03359375 0.02890625
6 0.65703125 0.43828125 0.0515625 0.02890625
6 0.5875 0.50234375 0.0484375 0.025
6 0.478125 0.4859375 0.04609375 0.0421875
6 0.41875 0.52421875 0.03046875 0.025
6 0.43359375 0.58203125 0.02734375 0.0203125
6 0.48046875 0.63515625 0.03515625 0.025
6 0.55078125 0.615625 0.04375 0.034375
6 0.63984375 0.56796875 0.0328125 0.02890625
6 0.37109375 0.5734375 0.0734375 0.05859375
6 0.31171875 0.490625 0.02734375 0.05703125
6 0.6921875 0.55234375 0.06640625 0.05