6 0.3515625 0.325 0.703125 0.65
6 0.32734375 0.525 0.10703125 0.09609375
6 0.4421875 0.51640625 0.0453125 0.02890625
6 0.6453125 0.390625 0.09609375 0.11953125
6 0.134375 0.40703125 0.0484375 0.0359375
6 0.2234375 0.49765625 0.07265625 0.0515625
6 0.29921875 0.43046875 0.0828125 0.0375
6 0.3203125 0.32421875 0.0546875 0.0328125
6 0.49765625 0.26953125 0.07265625 0.05625
6 0.4453125 0.171875 0.03984375 0.025
6 0.4671875 0.39921875 0.05546875 0.04375
6 0.56640625 0.4609375 0.0359375 0.03125
6 0.48671875 0.559375 0.04609375 0.03515625
6 0.4046875 0.609375 0.04296875 0.02734375
6 0.5859375 0.575 0.04140625 0.02578125
6 0.64296875 0.49296875 0.03359375 0.0328125
6 0.075 0.49140625 0.07890625 0.07265625