6 0.3546875 0.353125 0.709375 0.70625
6 0.35859375 0.58203125 0.10625 0.1
6 0.6484375 0.45859375 0.0703125 0.103125
6 0.1828125 0.46796875 0.046875 0.0390625
6 0.3265625 0.4875 0.0546875 0.02890625
6 0.359375 0.39765625 0.053125 0.0328125
6 0.4890625 0.459375 0.0375 0.03515625
6 0.51796875 0.35 0.06171875 0.06171875
6 0.5828125 0.52109375 0.02421875 0.0359375
6 0.41015625 0.55703125 0.04375 0.02578125
6 0.50859375 0.61484375 0.06640625 0.03359375
6 0.42265625 0.66328125 0.04921875 0.02109375
6 0.32734375 0.61953125 0.034375 0.034375
6 0.23671875 0.6328125 0.0859375 0.0453125
6 0.1296875 0.53359375 0.05625 0.07109375