2 0.540625 0.1296875 0.07578125 0.080859375
2 0.484375 0.265625 0.066015625 0.066015625
2 0.5328125 0.3078125 0.077734375 0.077734375
2 0.603125 0.2953125 0.06953125 0.07109375
2 0.73125 0.2875 0.071875 0.07421875
2 0.7 0.1546875 0.075390625 0.075
2 0.64375 0.2421875 0.075 0.07734375
2 0.6609375 0.3078125 0.06015625 0.053515625
2 0.625 0.396875 0.08203125 0.081640625
2 0.6734375 0.4375 0.066015625 0.069140625
2 0.78125 0.24375 0.08125 0.081640625
2 0.7234375 0.2125 0.077734375 0.08203125
2 0.6125 0.1734375 0.075390625 0.075390625
2 0.6 0.1078125 0.068359375 0.074609375
2 0.53125 0.0671875 0.07578125 0.084765625
2 0.4984375 0.175 0.062890625 0.06328125
2 0.5484375 0.215625 0.077734375 0.08125
2 0.690625 0.08125 0.087109375 0.090625
2 0.7515625 0.109375 0.075390625 0.084375
2 0.5328125 0.375 0.081640625 0.080859375
2 0.4171875 0.6578125 0.07109375 0.072265625
2 0.296875 0.590625 0.06796875 0.074609375
2 0.490625 0.571875 0.081640625 0.08203125
2 0.1828125 0.6234375 0.068359375 0.059375
2 0.2828125 0.6890625 0.075390625 0.07734375
2 0.1875 0.725 0.074609375 0.07421875
2 0.1578125 0.671875 0.068359375 0.071484375
2 0.4046875 0.50625 0.07265625 0.075
2 0.3421875 0.521875 0.06875 0.08125
2 0.3921875 0.5640625 0.072265625 0.069140625
2 0.478125 0.6375 0.078125 0.075
2 0.3453125 0.7046875 0.07109375 0.06875
2 0.3390625 0.7671875 0.084375 0.078515625
2 0.171875 0.8015625 0.075 0.071875
2 0.5203125 0.753125 0.07265625 0.07421875
2 0.540625 0.6671875 0.071484375 0.074609375
2 0.45 0.790625 0.06875 0.071875
2 0.58125 0.771875 0.062109375 0.062109375
2 0.5859375 0.7078125 0.07734375 0.071875
2 0.4015625 0.7453125 0.072265625 0.077734375
2 0.4359375 0.8453125 0.066015625 0.068359375
2 0.384375 0.91875 0.062890625 0.080859375
2 0.309375 0.9375 0.08671875 0.083984375
2 0.434375 0.95 0.077734375 0.08203125
2 0.359375 0.83125 0.06953125 0.068359375
2 0.2515625 0.8078125 0.07734375 0.074609375
2 0.2375 0.8671875 0.077734375 0.071875