6 0.40625 0.34765625 0.78515625 0.6953125
6 0.33671875 0.48203125 0.1109375 0.1
6 0.434375 0.5015625 0.06015625 0.03984375
6 0.6328125 0.4625 0.06875 0.06875
6 0.18828125 0.51875 0.05703125 0.0609375
6 0.140625 0.409375 0.04609375 0.0640625
6 0.246875 0.33515625 0.040625 0.0265625
6 0.43203125 0.3109375 0.0390625 0.01953125
6 0.36796875 0.3703125 0.03359375 0.0171875
6 0.51171875 0.403125 0.03671875 0.0203125
6 0.39296875 0.465625 0.04296875 0.0203125
6 0.28984375 0.5140625 0.03125 0.02109375
6 0.44921875 0.56171875 0.0390625 0.03359375
6 0.34921875 0.5921875 0.02109375 0.0171875
6 0.56328125 0.49296875 0.02890625 0.0171875
6 0.584375 0.31796875 0.03125 0.0234375