6 0.5953125 0.4015625 0.67265625 0.8
6 0.59921875 0.69609375 0.11796875 0.0734375
6 0.41640625 0.7015625 0.12421875 0.10390625
6 0.07109375 0.515625 0.14140625 0.940625
6 0.42734375 0.53046875 0.040625 0.02734375
6 0.43671875 0.44375 0.034375 0.0203125
6 0.5453125 0.55625 0.0515625 0.03046875
6 0.67421875 0.61796875 0.059375 0.01796875
6 0.74140625 0.55859375 0.0375 0.034375
6 0.66484375 0.69140625 0.02578125 0.02890625
6 0.54296875 0.71328125 0.028125 0.02421875
6 0.5484375 0.76171875 0.0296875 0.015625
6 0.6625 0.75078125 0.03359375 0.01875
6 0.85390625 0.56015625 0.0234375 0.02421875
6 0.78359375 0.6421875 0.025 0.01796875
6 0.38046875 0.5875 0.1203125 0.07734375