6 0.39609375 0.30078125 0.76328125 0.6015625
6 0.19296875 0.4109375 0.18515625 0.16171875
6 0.484375 0.4 0.04765625 0.04609375
6 0.475 0.5015625 0.06015625 0.02734375
6 0.371875 0.54921875 0.05390625 0.0265625
6 0.2171875 0.17421875 0.0640625 0.04140625
6 0.5671875 0.16015625 0.06640625 0.02421875
6 0.628125 0.290625 0.03515625 0.02578125
6 0.70625 0.18359375 0.065625 0.034375
6 0.63046875 0.40390625 0.03828125 0.021875
6 0.403125 0.22109375 0.0625 0.0515625
6 0.26328125 0.3265625 0.05234375 0.03125
6 0.6015625 0.47890625 0.0875 0.0640625