6 0.546875 0.33671875 0.7140625 0.66796875
6 0.47421875 0.50703125 0.11171875 0.0875
6 0.24765625 0.4015625 0.06953125 0.07421875
6 0.3125 0.528125 0.0984375 0.0734375
6 0.81015625 0.48125 0.059375 0.08125
6 0.37890625 0.340625 0.07109375 0.03203125
6 0.40625 0.453125 0.03515625 0.01875
6 0.51640625 0.3984375 0.02734375 0.01875
6 0.5953125 0.31640625 0.0390625 0.028125
6 0.76953125 0.31796875 0.0671875 0.02890625
6 0.68203125 0.42421875 0.0421875 0.0328125
6 0.71875 0.51484375 0.03046875 0.028125
6 0.55078125 0.50078125 0.0390625 0.03671875
6 0.59609375 0.5875 0.03671875 0.0234375
6 0.48125 0.6109375 0.04765625 0.02265625
6 0.425 0.5375 0.0359375 0.01796875