2 0.509375 0.3015625 0.0671875 0.075
2 0.2546875 0.4359375 0.075 0.0671875
2 0.3046875 0.584375 0.071875 0.0703125
2 0.3640625 0.6125 0.075 0.071875
2 0.671875 0.6421875 0.0703125 0.0671875
2 0.646875 0.5140625 0.0640625 0.0671875
2 0.5796875 0.4453125 0.0671875 0.065625
2 0.6328125 0.35625 0.0671875 0.071875
2 0.475 0.3859375 0.06875 0.06875
2 0.540625 0.69375 0.0609375 0.0671875
2 0.6078125 0.6625 0.0546875 0.0578125
2 0.4359375 0.6359375 0.065625 0.071875
2 0.5625 0.63125 0.065625 0.0640625
2 0.4875 0.6609375 0.059375 0.0609375
2 0.3234375 0.4953125 0.065625 0.06875
2 0.3734375 0.4296875 0.065625 0.0609375
2 0.540625 0.3828125 0.059375 0.0671875
2 0.4015625 0.490625 0.0703125 0.0703125
2 0.53125 0.5671875 0.0625 0.0625
2 0.453125 0.4515625 0.0640625 0.0625
2 0.5421875 0.5046875 0.05625 0.0546875
2 0.5171875 0.44375 0.0625 0.0640625
2 0.4640625 0.575 0.059375 0.0609375
2 0.4 0.559375 0.0703125 0.06875
2 0.46875 0.515625 0.059375 0.0609375