6 0.35703125 0.35625 0.7140625 0.7125
6 0.18359375 0.4765625 0.071875 0.04921875
6 0.32890625 0.484375 0.04609375 0.02265625
6 0.3625 0.39609375 0.05546875 0.040625
6 0.4953125 0.4640625 0.046875 0.03203125
6 0.534375 0.34765625 0.075 0.04921875
6 0.5890625 0.53359375 0.02578125 0.03671875
6 0.4171875 0.56484375 0.04921875 0.02265625
6 0.51796875 0.6171875 0.05546875 0.0375
6 0.33828125 0.6265625 0.0375 0.01953125
6 0.26796875 0.55625 0.04765625 0.03515625
6 0.35625 0.57890625 0.08515625 0.065625
6 0.42890625 0.66875 0.04140625 0.01953125
6 0.240625 0.65 0.1 0.053125
6 0.1265625 0.5421875 0.07421875 0.06953125
6 0.6546875 0.4765625 0.0921875 0.0796875