6 0.365625 0.353125 0.7171875 0.70546875
6 0.64921875 0.4484375 0.06875 0.11640625
6 0.3578125 0.57578125 0.10234375 0.096875
6 0.18125 0.459375 0.0671875 0.034375
6 0.3328125 0.48203125 0.09140625 0.03828125
6 0.3609375 0.3921875 0.06953125 0.0296875
6 0.534375 0.33515625 0.065625 0.06875
6 0.48828125 0.4546875 0.08671875 0.05234375
6 0.58125 0.52109375 0.05078125 0.03515625
6 0.4109375 0.55703125 0.046875 0.03046875
6 0.5015625 0.6125 0.040625 0.0296875
6 0.42734375 0.6625 0.034375 0.02421875
6 0.32890625 0.6140625 0.03203125 0.02734375
6 0.1265625 0.540625 0.071875 0.053125
6 0.24765625 0.65703125 0.09921875 0.06171875
6 0.2625 0.5421875 0.0515625 0.03359375