2 0.2078125 0.396875 0.06015625 0.05625
2 0.190625 0.5234375 0.06328125 0.05859375
2 0.209375 0.4609375 0.077734375 0.080859375
2 0.26875 0.3953125 0.071484375 0.069140625
2 0.309375 0.4421875 0.066015625 0.062890625
2 0.1140625 0.7265625 0.07734375 0.078125
2 0.1734375 0.7171875 0.062109375 0.065234375
2 0.3484375 0.7796875 0.062109375 0.071484375
2 0.3796875 0.66875 0.068359375 0.062890625
2 0.2890625 0.6046875 0.06640625 0.059765625
2 0.3890625 0.5140625 0.068359375 0.069140625
2 0.140625 0.6 0.069140625 0.059765625
2 0.1375 0.5375 0.071875 0.069140625
2 0.546875 0.3734375 0.071484375 0.07265625
2 0.7984375 0.28125 0.06015625 0.062890625
2 0.665625 0.253125 0.066015625 0.071875
2 0.775 0.4765625 0.065625 0.059765625
2 0.6984375 0.315625 0.071875 0.072265625
2 0.646875 0.3328125 0.055859375 0.05859375
2 0.7609375 0.3328125 0.071484375 0.06875
2 0.8203125 0.334375 0.068359375 0.06796875
2 0.703125 0.3765625 0.065625 0.069140625
2 0.646875 0.3875 0.066015625 0.065625
2 0.5375 0.3125 0.069140625 0.062109375
2 0.5984375 0.35 0.06484375 0.06328125
2 0.584375 0.44375 0.08046875 0.080859375
2 0.646875 0.4484375 0.06953125 0.071484375
2 0.6890625 0.4921875 0.0625 0.062109375
2 0.734375 0.4328125 0.07421875 0.069140625
2 0.771875 0.390625 0.071484375 0.065625
2 0.8484375 0.384375 0.078515625 0.07421875
2 0.815625 0.4359375 0.075 0.07109375
2 0.8765625 0.446875 0.08125 0.07421875
2 0.6171875 0.2796875 0.07734375 0.078515625
2 0.7109375 0.2078125 0.077734375 0.077734375
2 0.7390625 0.2625 0.078125 0.06875
2 0.8359375 0.2359375 0.08125 0.07109375
2 0.8671875 0.2890625 0.084375 0.078515625
2 0.0359375 0.53984375 0.071875 0.0671875
2 0.06875 0.5859375 0.071484375 0.053515625
2 0.0546875 0.6546875 0.08125 0.07890625
2 0.128125 0.6640625 0.065234375 0.066015625
2 0.1765625 0.7921875 0.071484375 0.071484375
2 0.2515625 0.7734375 0.078515625 0.078515625
2 0.3015625 0.8109375 0.08125 0.083984375
2 0.1875 0.578125 0.06796875 0.06796875
2 0.2421875 0.5640625 0.072265625 0.07265625
2 0.2546875 0.646875 0.055859375 0.05703125
2 0.4546875 0.56875 0.07265625 0.071484375
2 0.4359375 0.625 0.07734375 0.06328125
2 0.3359375 0.559375 0.072265625 0.06953125
2 0.390625 0.5859375 0.05703125 0.059765625
2 0.3078125 0.665625 0.075 0.06953125
2 0.203125 0.6359375 0.081640625 0.08359375
2 0.29375 0.725 0.078125 0.08046875
2 0.2609375 0.503125 0.075390625 0.071875
2 0.3234375 0.5 0.068359375 0.065625