6 0.38203125 0.36796875 0.74609375 0.7359375
6 0.06015625 0.43671875 0.0828125 0.121875
6 0.3546875 0.659375 0.18359375 0.10625
6 0.26484375 0.5109375 0.03984375 0.03046875
6 0.27734375 0.34375 0.04765625 0.02421875
6 0.46328125 0.3328125 0.04375 0.03203125
6 0.45546875 0.47109375 0.05078125 0.03671875
6 0.4296875 0.5796875 0.0546875 0.02734375
6 0.23671875 0.60859375 0.04453125 0.0265625
6 0.6203125 0.41484375 0.0453125 0.0390625
6 0.18125 0.2375 0.04296875 0.03515625
6 0.128125 0.37109375 0.0234375 0.03046875