6 0.56015625 0.353125 0.7328125 0.70625
6 0.496875 0.5484375 0.1203125 0.084375
6 0.33515625 0.5734375 0.11015625 0.084375
6 0.2640625 0.43828125 0.07578125 0.08515625
6 0.82109375 0.5265625 0.05859375 0.0625
6 0.3953125 0.3828125 0.10078125 0.0421875
6 0.53203125 0.43515625 0.08359375 0.03515625
6 0.4328125 0.49453125 0.06015625 0.0265625
6 0.62109375 0.36015625 0.05234375 0.03359375
6 0.70234375 0.46484375 0.0515625 0.0421875
6 0.79765625 0.36484375 0.05078125 0.04453125
6 0.74140625 0.56328125 0.03984375 0.02734375
6 0.6125 0.6296875 0.06171875 0.02578125
6 0.503125 0.65703125 0.03984375 0.01875
6 0.57265625 0.5390625 0.03828125 0.0359375
6 0.44453125 0.58125 0.03828125 0.0203125