6 0.40859375 0.34765625 0.75 0.6953125
6 0.32890625 0.48203125 0.10625 0.10078125
6 0.4234375 0.50078125 0.053125 0.03203125
6 0.20625 0.5203125 0.0796875 0.06875
6 0.13671875 0.40703125 0.0640625 0.05546875
6 0.62734375 0.47265625 0.06953125 0.08671875
6 0.359375 0.37578125 0.0390625 0.0234375
6 0.271875 0.4296875 0.03203125 0.02109375
6 0.50546875 0.40390625 0.059375 0.034375
6 0.55078125 0.4921875 0.0328125 0.021875
6 0.44375 0.5625 0.0453125 0.0328125
6 0.334375 0.59453125 0.04765625 0.0203125
6 0.3859375 0.46796875 0.028125 0.025
6 0.284375 0.51171875 0.03359375 0.02578125