6 0.425 0.3765625 0.83515625 0.75234375
6 0.62265625 0.60859375 0.12421875 0.1046875
6 0.240625 0.525 0.14140625 0.15546875
6 0.484375 0.50859375 0.05703125 0.03359375
6 0.4046875 0.346875 0.05234375 0.0453125
6 0.26015625 0.31328125 0.0421875 0.03203125
6 0.5703125 0.3015625 0.0515625 0.02578125
6 0.634375 0.4109375 0.06484375 0.03828125
6 0.71015625 0.33125 0.0328125 0.02890625
6 0.65703125 0.521875 0.046875 0.028125
6 0.40625 0.67578125 0.05390625 0.028125
6 0.509375 0.6234375 0.0578125 0.03203125