6 0.39140625 0.38046875 0.7609375 0.7609375
6 0.4578125 0.68125 0.13359375 0.0921875
6 0.1671875 0.52265625 0.04609375 0.071875
6 0.46953125 0.5109375 0.05546875 0.03359375
6 0.321875 0.56484375 0.04140625 0.02890625
6 0.4265625 0.38125 0.05234375 0.02578125
6 0.284375 0.41640625 0.04609375 0.021875
6 0.6109375 0.4234375 0.046875 0.03203125
6 0.6859375 0.58828125 0.02265625 0.0265625
6 0.49375 0.6078125 0.0609375 0.01796875
6 0.33828125 0.65625 0.03671875 0.02265625
6 0.6671875 0.52265625 0.02265625 0.025
6 0.21171875 0.35234375 0.03359375 0.0328125