6 0.42109375 0.36015625 0.8265625 0.7203125
6 0.21484375 0.47734375 0.1734375 0.21796875
6 0.6375 0.54453125 0.06171875 0.07890625
6 0.5140625 0.4453125 0.04609375 0.034375
6 0.278125 0.36875 0.04375 0.0375
6 0.2328125 0.21328125 0.03828125 0.03515625
6 0.42578125 0.26171875 0.04765625 0.04375
6 0.675 0.32890625 0.04296875 0.03828125
6 0.5984375 0.19375 0.04921875 0.0296875
6 0.51484375 0.4359375 0.046875 0.034375
6 0.521875 0.57109375 0.05546875 0.0359375
6 0.39375 0.634375 0.053125 0.0265625
6 0.1890625 0.55703125 0.040625 0.0328125