6 0.60703125 0.40546875 0.659375 0.81015625
6 0.60390625 0.690625 0.11328125 0.07109375
6 0.425 0.521875 0.02734375 0.03046875
6 0.4328125 0.44375 0.03359375 0.0234375
6 0.54921875 0.55390625 0.0546875 0.03828125
6 0.74296875 0.553125 0.046875 0.02890625
6 0.66796875 0.60625 0.05234375 0.03125
6 0.5640625 0.6484375 0.025 0.01484375
6 0.5390625 0.709375 0.03359375 0.01796875
6 0.553125 0.75859375 0.02265625 0.01875
6 0.66484375 0.746875 0.02890625 0.0171875
6 0.6625 0.6890625 0.03203125 0.03125
6 0.78125 0.63125 0.03203125 0.02578125
6 0.85546875 0.5515625 0.0390625 0.0296875
6 0.3875 0.58125 0.07890625 0.0671875
6 0.40625 0.68359375 0.14765625 0.06484375