6 0.38515625 0.38046875 0.753125 0.76015625
6 0.453125 0.6796875 0.18671875 0.10078125
6 0.275 0.5859375 0.0578125 0.03359375
6 0.31484375 0.671875 0.0390625 0.0234375
6 0.4046875 0.5140625 0.05703125 0.0296875
6 0.4484375 0.615625 0.05703125 0.0265625
6 0.66015625 0.58125 0.04921875 0.02421875
6 0.52734375 0.4171875 0.046875 0.04453125
6 0.3515625 0.3890625 0.0546875 0.0328125
6 0.21328125 0.44296875 0.04453125 0.02578125
6 0.4953125 0.3171875 0.03828125 0.01796875
6 0.60625 0.50859375 0.0296875 0.02109375