2 0.15 0.5984375 0.078515625 0.07734375
2 0.228125 0.6484375 0.083984375 0.075390625
2 0.3875 0.65625 0.075390625 0.084765625
2 0.321875 0.621875 0.08203125 0.066015625
2 0.2234375 0.546875 0.075390625 0.07578125
2 0.28125 0.5640625 0.07578125 0.078125
2 0.3515625 0.559375 0.080859375 0.084375
2 0.315625 0.759375 0.069140625 0.074609375
2 0.2109375 0.7265625 0.094140625 0.091015625
2 0.284375 0.7015625 0.080859375 0.077734375
2 0.3578125 0.3234375 0.071875 0.06640625
2 0.278125 0.2203125 0.081640625 0.08125
2 0.1921875 0.328125 0.083984375 0.08203125
2 0.25 0.3046875 0.071875 0.06875
2 0.64375 0.2171875 0.096484375 0.09609375
2 0.7453125 0.3015625 0.07265625 0.078515625
2 0.6796875 0.2890625 0.071875 0.074609375
2 0.8421875 0.1375 0.07265625 0.03671875
2 0.8578125 0.2484375 0.06875 0.075
2 0.95 0.24375 0.087890625 0.08046875
2 0.925 0.175 0.077734375 0.075390625
2 0.775 0.403125 0.090234375 0.0875
2 0.8765625 0.375 0.08359375 0.08125
2 0.8734375 0.44375 0.08515625 0.084375
2 0.8671875 0.565625 0.075390625 0.065625
2 0.7390625 0.6609375 0.075390625 0.075390625
2 0.896875 0.68125 0.077734375 0.077734375
2 0.9765625 0.71796875 0.046875 0.0765625
2 0.66875 0.784375 0.081640625 0.081640625
2 0.7609375 0.7296875 0.0875 0.080859375
2 0.8890625 0.75625 0.08515625 0.093359375
2 0.946875 0.7703125 0.075 0.080859375
2 0.8296875 0.8453125 0.081640625 0.06875
2 0.83125 0.7796875 0.083984375 0.080859375