6 0.5359375 0.33828125 0.7171875 0.6765625
6 0.47109375 0.51015625 0.11796875 0.0875
6 0.51484375 0.40625 0.05078125 0.03046875
6 0.36953125 0.346875 0.0578125 0.0359375
6 0.40390625 0.46328125 0.046875 0.0203125
6 0.4140625 0.54140625 0.0484375 0.02578125
6 0.596875 0.32265625 0.065625 0.05
6 0.77265625 0.32265625 0.08046875 0.04453125
6 0.67890625 0.43359375 0.06171875 0.02578125
6 0.71796875 0.52421875 0.02890625 0.02265625
6 0.79921875 0.49140625 0.07421875 0.078125
6 0.596875 0.5984375 0.05546875 0.0265625
6 0.546875 0.50546875 0.0421875 0.02109375
6 0.4765625 0.62265625 0.02890625 0.01640625
6 0.246875 0.4078125 0.0796875 0.0765625
6 0.3046875 0.534375 0.0953125 0.06796875