2 0.146875 0.3890625 0.0640625 0.0609375
2 0.2171875 0.34375 0.0671875 0.059375
2 0.359375 0.3359375 0.0625 0.0703125
2 0.3 0.3671875 0.06875 0.053125
2 0.2125 0.434375 0.0609375 0.059375
2 0.2640625 0.41875 0.05625 0.059375
2 0.328125 0.4234375 0.0609375 0.065625
2 0.2953125 0.24375 0.05625 0.0609375
2 0.2015625 0.2734375 0.075 0.0703125
2 0.2671875 0.296875 0.0703125 0.06875
2 0.334375 0.634375 0.0578125 0.0546875
2 0.2625 0.7265625 0.0625 0.0609375
2 0.1859375 0.6296875 0.065625 0.0640625
2 0.2375 0.6515625 0.0609375 0.0578125
2 0.5890625 0.7296875 0.0703125 0.0703125
2 0.6796875 0.653125 0.0546875 0.0609375
2 0.621875 0.6640625 0.053125 0.05625
2 0.7671875 0.825 0.0640625 0.0671875
2 0.7796875 0.7015625 0.0609375 0.065625
2 0.8625 0.70625 0.0703125 0.0546875
2 0.840625 0.7671875 0.06875 0.065625
2 0.70625 0.5625 0.06875 0.0671875
2 0.7984375 0.5875 0.0625 0.0609375
2 0.79375 0.5265625 0.065625 0.0640625
2 0.7890625 0.4171875 0.0609375 0.0515625
2 0.675 0.3328125 0.059375 0.059375
2 0.815625 0.3140625 0.0640625 0.0640625
2 0.9 0.28125 0.0640625 0.0671875
2 0.6109375 0.221875 0.0640625 0.0640625
2 0.69375 0.2703125 0.06875 0.0609375
2 0.8078125 0.246875 0.0609375 0.071875
2 0.8609375 0.234375 0.059375 0.0640625
2 0.75625 0.1625 0.0671875 0.065625
2 0.7578125 0.2265625 0.0640625 0.059375