6 0.3625 0.35390625 0.725 0.70703125
6 0.3625 0.584375 0.09296875 0.103125
6 0.66015625 0.45703125 0.07421875 0.11328125
6 0.12890625 0.55078125 0.071875 0.06171875
6 0.25 0.634375 0.10234375 0.05390625
6 0.18828125 0.4640625 0.05390625 0.0421875
6 0.3390625 0.47734375 0.05078125 0.02578125
6 0.36328125 0.39765625 0.0625 0.03359375
6 0.540625 0.34375 0.04453125 0.04453125
6 0.49921875 0.4625 0.04296875 0.0390625
6 0.58671875 0.52734375 0.04375 0.02578125
6 0.42421875 0.559375 0.04375 0.03203125
6 0.51953125 0.61796875 0.03828125 0.03359375
6 0.334375 0.6234375 0.0359375 0.0203125