6 0.57734375 0.2984375 0.6046875 0.596875
6 0.51171875 0.44296875 0.11171875 0.0859375
6 0.35703125 0.44765625 0.0890625 0.07265625
6 0.334375 0.3390625 0.0671875 0.06171875
6 0.765625 0.45 0.06875 0.06640625
6 0.62734375 0.29609375 0.028125 0.02109375
6 0.54921875 0.3546875 0.02578125 0.02578125
6 0.67109375 0.3859375 0.02109375 0.0203125
6 0.55859375 0.43359375 0.0171875 0.021875
6 0.45078125 0.46171875 0.0375 0.01640625
6 0.58046875 0.5140625 0.03125 0.02890625
6 0.48125 0.528125 0.0390625 0.01796875
6 0.7578125 0.309375 0.04375 0.0234375
6 0.44140625 0.2953125 0.0296875 0.0359375
6 0.45859375 0.38359375 0.03359375 0.025