6 0.61171875 0.40703125 0.66796875 0.81171875
6 0.60234375 0.69609375 0.11796875 0.0703125
6 0.41640625 0.7015625 0.12265625 0.10078125
6 0.54765625 0.56171875 0.05078125 0.040625
6 0.3890625 0.58515625 0.10625 0.07421875
6 0.42421875 0.52578125 0.0265625 0.02265625
6 0.43515625 0.4421875 0.025 0.02265625
6 0.7421875 0.56015625 0.0546875 0.02578125
6 0.66640625 0.61171875 0.05 0.02890625
6 0.54140625 0.715625 0.03125 0.02890625
6 0.6578125 0.75390625 0.04296875 0.028125
6 0.85703125 0.5578125 0.034375 0.021875