6 0.56875 0.29765625 0.6328125 0.5953125
6 0.5046875 0.44296875 0.10234375 0.0828125
6 0.76171875 0.45546875 0.096875 0.0734375
6 0.3671875 0.44921875 0.1203125 0.06328125
6 0.32578125 0.3484375 0.084375 0.08046875
6 0.5390625 0.35546875 0.040625 0.02890625
6 0.44453125 0.3015625 0.0515625 0.0296875
6 0.57890625 0.51953125 0.040625 0.03046875
6 0.66953125 0.39609375 0.03359375 0.02578125
6 0.55078125 0.4390625 0.0328125 0.0296875
6 0.45 0.4609375 0.03125 0.0171875
6 0.67890625 0.46953125 0.03515625 0.02265625
6 0.7578125 0.32265625 0.0453125 0.034375
6 0.62890625 0.2984375 0.0359375 0.03046875