6 0.55234375 0.34296875 0.6609375 0.6859375
6 0.4890625 0.48125 0.1109375 0.09140625
6 0.3484375 0.5109375 0.09765625 0.05625
6 0.32109375 0.4171875 0.08671875 0.059375
6 0.784375 0.47109375 0.05859375 0.0890625
6 0.6625 0.40625 0.02734375 0.0203125
6 0.59140625 0.55703125 0.0484375 0.0328125
6 0.48828125 0.5890625 0.046875 0.01953125
6 0.5296875 0.3828125 0.06328125 0.02421875
6 0.58828125 0.31953125 0.04140625 0.0265625
6 0.41015625 0.34296875 0.0453125 0.03203125
6 0.559375 0.46796875 0.0296875 0.03046875
6 0.4546875 0.5140625 0.03515625 0.01875
6 0.43828125 0.42890625 0.01953125 0.0109375