2 0.78125 0.3953125 0.06875 0.065625
2 0.7984375 0.5203125 0.065625 0.06015625
2 0.78125 0.459375 0.062109375 0.068359375
2 0.721875 0.39375 0.06796875 0.06796875
2 0.6828125 0.440625 0.071875 0.068359375
2 0.8734375 0.7203125 0.07265625 0.075390625
2 0.815625 0.7125 0.069140625 0.072265625
2 0.64375 0.7734375 0.059375 0.06640625
2 0.6125 0.6625 0.0625 0.05546875
2 0.7015625 0.6015625 0.069140625 0.065234375
2 0.603125 0.5109375 0.075390625 0.077734375
2 0.8484375 0.5953125 0.075390625 0.071484375
2 0.85 0.534375 0.065625 0.059375
2 0.4484375 0.371875 0.066015625 0.068359375
2 0.2 0.28125 0.05625 0.059765625
2 0.33125 0.2546875 0.05078125 0.06015625
2 0.2234375 0.4734375 0.065234375 0.059375
2 0.2984375 0.3171875 0.062109375 0.0625
2 0.3484375 0.3328125 0.056640625 0.059765625
2 0.2359375 0.3328125 0.065625 0.0625
2 0.178125 0.334375 0.058984375 0.05703125
2 0.29375 0.375 0.062109375 0.06875
2 0.3484375 0.3875 0.06015625 0.059765625
2 0.45625 0.3125 0.07421875 0.06875
2 0.396875 0.35 0.066015625 0.066015625
2 0.4109375 0.4421875 0.075390625 0.07734375
2 0.35 0.446875 0.06328125 0.065625
2 0.3078125 0.490625 0.056640625 0.055859375
2 0.2640625 0.43125 0.071875 0.066015625
2 0.2265625 0.390625 0.075 0.06953125
2 0.1515625 0.384375 0.069140625 0.06171875
2 0.1828125 0.434375 0.078125 0.075390625
2 0.121875 0.4453125 0.08046875 0.074609375
2 0.378125 0.2796875 0.075390625 0.07890625
2 0.2859375 0.209375 0.078125 0.077734375
2 0.2578125 0.2640625 0.06875 0.058984375
2 0.1640625 0.2375 0.078515625 0.068359375
2 0.1328125 0.2890625 0.071875 0.065234375
2 0.953125 0.5375 0.06875 0.056640625
2 0.91875 0.5828125 0.07578125 0.065234375
2 0.93125 0.65 0.072265625 0.069140625
2 0.859375 0.659375 0.071875 0.071875
2 0.8125 0.784375 0.06953125 0.071484375
2 0.7390625 0.7671875 0.07734375 0.07734375
2 0.6890625 0.803125 0.07890625 0.08203125
2 0.8015625 0.575 0.058984375 0.059765625
2 0.746875 0.559375 0.071875 0.07421875
2 0.7359375 0.6421875 0.065234375 0.065234375
2 0.5390625 0.565625 0.065625 0.062890625
2 0.55625 0.621875 0.06953125 0.056640625
2 0.65625 0.55625 0.071484375 0.068359375
2 0.6015625 0.5828125 0.058984375 0.062109375
2 0.6828125 0.6609375 0.071875 0.06875
2 0.7859375 0.63125 0.084375 0.084375
2 0.696875 0.71875 0.07578125 0.078515625
2 0.7296875 0.5 0.080859375 0.077734375
2 0.6671875 0.4984375 0.075390625 0.072265625