2 0.334375 0.49375 0.077734375 0.071484375
2 0.61875 0.4265625 0.083984375 0.084375
2 0.3046875 0.43125 0.074609375 0.07421875
2 0.33125 0.38125 0.08203125 0.08203125
2 0.3984375 0.3171875 0.078515625 0.08125
2 0.4421875 0.2421875 0.08984375 0.08359375
2 0.5609375 0.296875 0.071875 0.069140625
2 0.66875 0.2171875 0.077734375 0.069140625
2 0.58125 0.1109375 0.069140625 0.071875
2 0.3390625 0.640625 0.072265625 0.06953125
2 0.275 0.6921875 0.06796875 0.06484375
2 0.321875 0.7546875 0.071875 0.066015625
2 0.7515625 0.790625 0.066015625 0.06328125
2 0.7578125 0.884375 0.080859375 0.080859375
2 0.653125 0.79375 0.083984375 0.081640625
2 0.5640625 0.7796875 0.075 0.07265625
2 0.434375 0.9015625 0.077734375 0.084765625
2 0.3015625 0.878125 0.075390625 0.081640625
2 0.4703125 0.7328125 0.075390625 0.078125
2 0.4734375 0.6046875 0.07265625 0.071875
2 0.5359375 0.6671875 0.074609375 0.077734375
2 0.6109375 0.7015625 0.065234375 0.068359375
2 0.496875 0.4375 0.06328125 0.065625
2 0.4328125 0.4515625 0.06875 0.06640625
2 0.6734375 0.278125 0.075390625 0.07421875
2 0.653125 0.3390625 0.074609375 0.072265625
2 0.56875 0.3953125 0.05078125 0.059765625
2 0.5703125 0.178125 0.071875 0.077734375
2 0.68125 0.0828125 0.08125 0.08515625
2 0.3328125 0.1859375 0.06640625 0.06015625
2 0.4 0.1609375 0.075390625 0.081640625
2 0.2875 0.253125 0.074609375 0.074609375
2 0.7265625 0.2375 0.072265625 0.06953125
2 0.784375 0.2109375 0.07421875 0.071484375
2 0.80625 0.2703125 0.074609375 0.071875
2 0.7578125 0.4546875 0.07734375 0.07734375
2 0.6828125 0.4328125 0.07265625 0.075
2 0.4390625 0.5171875 0.071875 0.065234375
2 0.5203125 0.5578125 0.075 0.07109375
2 0.19375 0.4828125 0.07421875 0.06015625
2 0.4453125 0.096875 0.0875 0.097265625
2 0.49375 0.1921875 0.06875 0.062890625