2 0.225 0.090625 0.065625 0.0640625
2 0.2984375 0.1265625 0.06875 0.0734375
2 0.3921875 0.121875 0.0640625 0.0703125
2 0.2453125 0.2703125 0.065625 0.0625
2 0.2671875 0.3625 0.059375 0.0578125
2 0.3125 0.309375 0.065625 0.06875
2 0.3578125 0.215625 0.065625 0.0703125
2 0.434375 0.234375 0.0671875 0.06875
2 0.521875 0.2640625 0.0640625 0.06875
2 0.625 0.2984375 0.0703125 0.075
2 0.6078125 0.1796875 0.06875 0.0734375
2 0.7640625 0.303125 0.0640625 0.06875
2 0.646875 0.0546875 0.071875 0.06875
2 0.3734375 0.40625 0.06875 0.05625
2 0.553125 0.4125 0.0671875 0.0609375
2 0.7765625 0.4578125 0.0796875 0.075
2 0.55625 0.5390625 0.0671875 0.0703125
2 0.453125 0.540625 0.0703125 0.0671875
2 0.3375 0.515625 0.059375 0.05625
2 0.3265625 0.446875 0.0640625 0.0546875
2 0.278125 0.6 0.06875 0.0625
2 0.3609375 0.6203125 0.0640625 0.0609375
2 0.3125 0.6796875 0.059375 0.0609375
2 0.2828125 0.7359375 0.0734375 0.0671875
2 0.34375 0.8015625 0.0625 0.071875
2 0.403125 0.7796875 0.05625 0.0625
2 0.478125 0.775 0.065625 0.065625
2 0.4078125 0.840625 0.0546875 0.059375
2 0.465625 0.84375 0.0578125 0.0609375
2 0.571875 0.7796875 0.0671875 0.0703125
2 0.5546875 0.8390625 0.0578125 0.0625
2 0.6046875 0.884375 0.065625 0.06875
2 0.628125 0.6296875 0.059375 0.071875
2 0.5625 0.659375 0.0578125 0.059375
2 0.4046875 0.6609375 0.059375 0.0625
2 0.5015625 0.653125 0.0640625 0.0640625
2 0.453125 0.69375 0.059375 0.059375