6 0.5046875 0.3546875 0.7921875 0.703125
6 0.459375 0.49296875 0.12890625 0.11875
6 0.28359375 0.55 0.12890625 0.1125
6 0.20234375 0.409375 0.0953125 0.08984375
6 0.32734375 0.30859375 0.06796875 0.0359375
6 0.4921875 0.36171875 0.053125 0.02890625
6 0.37734375 0.434375 0.04453125 0.02578125
6 0.40390625 0.5390625 0.04140625 0.0234375
6 0.53984375 0.48671875 0.04375 0.0390625
6 0.4609375 0.6328125 0.04609375 0.025
6 0.5953125 0.59609375 0.06171875 0.03203125
6 0.684375 0.39296875 0.07109375 0.0375
6 0.57890625 0.27109375 0.06171875 0.0328125
6 0.7625 0.28046875 0.06796875 0.04765625
6 0.72265625 0.50625 0.03828125 0.03515625
6 0.80546875 0.46171875 0.06171875 0.1140625