6 0.4296875 0.34453125 0.809375 0.6890625
6 0.3296875 0.46953125 0.1078125 0.10078125
6 0.44375 0.55703125 0.05546875 0.034375
6 0.1984375 0.51875 0.07265625 0.0625
6 0.14453125 0.40078125 0.071875 0.06953125
6 0.62890625 0.46015625 0.0671875 0.06953125
6 0.49609375 0.39609375 0.04921875 0.03203125
6 0.3578125 0.37109375 0.02578125 0.021875
6 0.41640625 0.303125 0.03828125 0.01953125
6 0.24453125 0.32734375 0.03671875 0.0265625
6 0.2640625 0.42109375 0.03671875 0.01640625
6 0.28359375 0.50703125 0.03203125 0.028125
6 0.34453125 0.59140625 0.040625 0.02265625
6 0.396875 0.4625 0.0296875 0.0234375
6 0.5703125 0.31328125 0.03125 0.02734375