6 0.47890625 0.3484375 0.9515625 0.696875
6 0.41484375 0.48359375 0.11640625 0.1
6 0.26796875 0.5234375 0.10625 0.065625
6 0.225 0.40703125 0.06015625 0.0515625
6 0.69609375 0.471875 0.0625 0.0765625
6 0.58203125 0.40390625 0.034375 0.0359375
6 0.36328125 0.428125 0.0390625 0.01328125
6 0.33046875 0.346875 0.0390625 0.0296875
6 0.52421875 0.565625 0.03515625 0.01953125
6 0.36796875 0.5109375 0.0296875 0.01640625
6 0.48046875 0.46640625 0.03203125 0.025
6 0.65703125 0.32890625 0.02734375 0.0265625