6 0.509375 0.328125 0.49609375 0.64140625
6 0.44765625 0.50859375 0.075 0.05859375
6 0.37109375 0.39921875 0.046875 0.02421875
6 0.46796875 0.43671875 0.03046875 0.0203125
6 0.584375 0.4515625 0.05 0.02421875
6 0.6359375 0.37734375 0.0421875 0.03828125
6 0.515625 0.3828125 0.03046875 0.021875
6 0.4953125 0.50625 0.03828125 0.0234375
6 0.54375 0.565625 0.04296875 0.025
6 0.4203125 0.53671875 0.02890625 0.02109375
6 0.46171875 0.58828125 0.025 0.015625
6 0.62265625 0.51640625 0.03125 0.01875
6 0.340625 0.52578125 0.0734375 0.0640625
6 0.2953125 0.43984375 0.04765625 0.0578125
6 0.690625 0.4890625 0.06015625 0.0640625
6 0.66171875 0.5578125 0.02890625 0.01875