6 0.5953125 0.309375 0.540625 0.61875
6 0.10703125 0.39296875 0.2140625 0.7859375
6 0.5296875 0.48671875 0.08125 0.0671875
6 0.0421875 0.4171875 0.08359375 0.83359375
6 0.38984375 0.484375 0.08359375 0.07265625
6 0.38515625 0.390625 0.06640625 0.06953125
6 0.48359375 0.35703125 0.0375 0.02734375
6 0.5671875 0.403125 0.040625 0.02421875
6 0.64375 0.3578125 0.06484375 0.03515625
6 0.69921875 0.4390625 0.0515625 0.025
6 0.77109375 0.371875 0.03671875 0.0390625
6 0.48046875 0.503125 0.02421875 0.02265625
6 0.49921875 0.5671875 0.04296875 0.02265625
6 0.59609375 0.553125 0.0515625 0.02421875
6 0.70625 0.5171875 0.0359375 0.01953125
6 0.5875 0.48515625 0.03515625 0.034375
6 0.48203125 0.4375 0.03359375 0.0171875