6 0.5578125 0.34609375 0.75625 0.6921875
6 0.48984375 0.5359375 0.11328125 0.0796875
6 0.31953125 0.56015625 0.11328125 0.096875
6 0.278125 0.43203125 0.09921875 0.0953125
6 0.3921875 0.3578125 0.05625 0.03828125
6 0.525 0.41796875 0.06640625 0.02890625
6 0.60859375 0.34140625 0.05 0.028125
6 0.6984375 0.44375 0.04453125 0.034375
6 0.61484375 0.6125 0.040625 0.03359375
6 0.49140625 0.63203125 0.04921875 0.02109375
6 0.55859375 0.52578125 0.0359375 0.03203125
6 0.7875 0.33828125 0.0453125 0.04296875