6 0.49921875 0.278125 0.50546875 0.55625
6 0.43671875 0.43359375 0.07421875 0.06171875
6 0.33671875 0.45390625 0.06171875 0.06171875
6 0.28125 0.36953125 0.05 0.05703125
6 0.6875 0.409375 0.06953125 0.06015625
6 0.35078125 0.31640625 0.04375 0.02265625
6 0.4484375 0.35078125 0.04140625 0.02578125
6 0.5 0.29609375 0.03828125 0.03671875
6 0.5671875 0.37109375 0.04296875 0.0265625
6 0.628125 0.3015625 0.0421875 0.03515625
6 0.53046875 0.48828125 0.04140625 0.025
6 0.45234375 0.509375 0.0375 0.0109375
6 0.4109375 0.45390625 0.034375 0.02109375
6 0.48359375 0.425 0.03671875 0.02421875
6 0.37734375 0.390625 0.02734375 0.0171875
6 0.6125 0.43515625 0.02578125 0.01796875