6 0.48984375 0.36875 0.77890625 0.73671875
6 0.44609375 0.52578125 0.125 0.1125
6 0.271875 0.57265625 0.13046875 0.10234375
6 0.19375 0.43828125 0.075 0.08046875
6 0.3203125 0.3359375 0.06640625 0.05546875
6 0.37578125 0.46171875 0.059375 0.0296875
6 0.484375 0.3859375 0.065625 0.040625
6 0.5640625 0.29609375 0.06640625 0.05078125
6 0.76171875 0.3078125 0.06953125 0.0484375
6 0.671875 0.41171875 0.05859375 0.03984375
6 0.5328125 0.5078125 0.05 0.04453125
6 0.4703125 0.653125 0.03828125 0.02734375
6 0.39453125 0.56484375 0.03984375 0.021875
6 0.58828125 0.615625 0.0796875 0.0484375
6 0.7203125 0.53359375 0.05078125 0.040625
6 0.7984375 0.49296875 0.0625 0.0828125