2 0.4734375 0.7265625 0.084765625 0.090625
2 0.74375 0.584375 0.08203125 0.074609375
2 0.690625 0.4265625 0.08828125 0.08984375
2 0.628125 0.396875 0.093359375 0.090625
2 0.3015625 0.3640625 0.08515625 0.084375
2 0.3265625 0.5 0.075390625 0.078125
2 0.3984375 0.5734375 0.080859375 0.080859375
2 0.3421875 0.66875 0.08359375 0.08671875
2 0.5109375 0.6375 0.078125 0.080859375
2 0.440625 0.3109375 0.066015625 0.071875
2 0.36875 0.34375 0.06328125 0.066015625
2 0.55 0.371875 0.084375 0.0875
2 0.4171875 0.3765625 0.07265625 0.07265625
2 0.496875 0.3453125 0.075390625 0.07734375
2 0.6703125 0.521875 0.083984375 0.084765625
2 0.61875 0.590625 0.075 0.072265625
2 0.440625 0.640625 0.077734375 0.08125
2 0.5890625 0.5265625 0.087890625 0.08984375
2 0.45 0.4453125 0.080859375 0.080859375
2 0.534375 0.56875 0.080859375 0.078515625
2 0.4390625 0.5109375 0.065234375 0.06484375
2 0.465625 0.5765625 0.069140625 0.068359375
2 0.5203125 0.4359375 0.068359375 0.068359375
2 0.590625 0.453125 0.075 0.074609375
2 0.515625 0.4984375 0.06953125 0.071484375