2 0.725 0.6671875 0.094140625 0.091015625
2 0.6359375 0.671875 0.083984375 0.084375
2 0.5609375 0.6671875 0.07734375 0.081640625
2 0.4765625 0.659375 0.096875 0.096484375
2 0.3796875 0.6578125 0.087890625 0.093359375
2 0.284375 0.6484375 0.090625 0.090625
2 0.7359375 0.578125 0.094140625 0.09296875
2 0.6359375 0.5640625 0.084375 0.09140625
2 0.5328125 0.559375 0.08125 0.0875
2 0.440625 0.534375 0.100390625 0.10703125
2 0.3453125 0.5234375 0.09375 0.08984375
2 0.253125 0.5078125 0.084375 0.097265625