6 0.51875 0.278125 0.5546875 0.55234375
6 0.47421875 0.41875 0.08671875 0.06640625
6 0.40078125 0.3015625 0.05234375 0.04921875
6 0.49765625 0.3375 0.0546875 0.02265625
6 0.42890625 0.378125 0.03984375 0.0171875
6 0.44609375 0.44140625 0.03125 0.01875
6 0.5265625 0.40859375 0.03046875 0.021875
6 0.62109375 0.3515625 0.0375 0.02578125
6 0.5515625 0.27578125 0.025 0.02265625
6 0.675 0.2734375 0.03359375 0.02578125
6 0.65234375 0.41953125 0.0234375 0.021875
6 0.56875 0.47578125 0.0375 0.02109375
6 0.49375 0.49765625 0.0234375 0.01328125
6 0.3703125 0.4421875 0.075 0.05234375
6 0.32890625 0.3515625 0.0609375 0.04609375
6 0.7234375 0.3859375 0.05546875 0.05625