6 0.40625 0.36875 0.79140625 0.73671875
6 0.1140625 0.41875 0.08515625 0.12578125
6 0.425 0.65390625 0.22109375 0.10625
6 0.29375 0.6125 0.04453125 0.03046875
6 0.3125 0.5078125 0.040625 0.02734375
6 0.4921875 0.575 0.05078125 0.02265625
6 0.51328125 0.46640625 0.04375 0.03359375
6 0.51875 0.3265625 0.04609375 0.0359375
6 0.334375 0.34296875 0.0625 0.028125
6 0.2359375 0.23046875 0.04296875 0.03203125
6 0.17734375 0.36484375 0.02734375 0.0265625
6 0.671875 0.40703125 0.04453125 0.028125
6 0.6609375 0.58203125 0.01953125 0.03828125