6 0.34609375 0.3265625 0.6921875 0.653125
6 0.328125 0.509375 0.1015625 0.1
6 0.64453125 0.38125 0.09453125 0.11875
6 0.08203125 0.4796875 0.06953125 0.059375
6 0.215625 0.58125 0.09609375 0.05859375
6 0.1390625 0.4015625 0.0515625 0.03828125
6 0.2765625 0.41015625 0.06796875 0.02734375
6 0.32109375 0.31171875 0.05234375 0.03203125
6 0.4625 0.39296875 0.0578125 0.03828125
6 0.38671875 0.49375 0.05234375 0.02265625
6 0.29375 0.5640625 0.05234375 0.0234375
6 0.2203125 0.49375 0.06875 0.02734375
6 0.4796875 0.55078125 0.053125 0.028125
6 0.4 0.60859375 0.0453125 0.02265625
6 0.56640625 0.45625 0.0421875 0.02578125
6 0.49375 0.259375 0.05859375 0.0421875
6 0.6359375 0.4859375 0.03046875 0.03359375