2 0.7796875 0.9234375 0.06640625 0.066015625
2 0.7046875 0.8875 0.08515625 0.087890625
2 0.6078125 0.8921875 0.077734375 0.081640625
2 0.759375 0.7390625 0.08046875 0.077734375
2 0.7375 0.64375 0.069140625 0.068359375
2 0.6890625 0.7 0.078125 0.080859375
2 0.64375 0.7953125 0.072265625 0.07734375
2 0.565625 0.775 0.081640625 0.08203125
2 0.475 0.7453125 0.078515625 0.081640625
2 0.3703125 0.7109375 0.072265625 0.078125
2 0.3875 0.83125 0.081640625 0.08671875
2 0.2265625 0.70625 0.077734375 0.08046875
2 0.346875 0.96015625 0.084375 0.0796875
2 0.628125 0.6 0.078125 0.069140625
2 0.4421875 0.5921875 0.077734375 0.071875
2 0.2140625 0.546875 0.09609375 0.093359375
2 0.4390625 0.4640625 0.08125 0.084375
2 0.546875 0.4609375 0.080859375 0.078125
2 0.6640625 0.4875 0.06875 0.066015625
2 0.6765625 0.5578125 0.06640625 0.058984375
2 0.7265625 0.4015625 0.075390625 0.07109375
2 0.640625 0.38125 0.071875 0.06875
2 0.6890625 0.31875 0.071484375 0.072265625
2 0.7203125 0.2609375 0.0875 0.08125
2 0.6578125 0.19375 0.072265625 0.080859375
2 0.596875 0.2171875 0.068359375 0.07265625
2 0.5203125 0.2203125 0.075390625 0.075390625
2 0.5921875 0.1546875 0.066015625 0.069140625
2 0.5328125 0.15 0.07109375 0.072265625
2 0.4234375 0.2171875 0.083984375 0.084765625
2 0.440625 0.1546875 0.065234375 0.07109375
2 0.390625 0.109375 0.069140625 0.071484375
2 0.365625 0.3703125 0.071875 0.080859375
2 0.4328125 0.340625 0.062890625 0.065625
2 0.5953125 0.3390625 0.066015625 0.07109375
2 0.496875 0.346875 0.072265625 0.06953125
2 0.5453125 0.3046875 0.071875 0.071875