2 0.4875 0.303125 0.083984375 0.087890625
2 0.7453125 0.4375 0.083984375 0.075
2 0.6953125 0.5875 0.071875 0.071875
2 0.634375 0.6171875 0.08671875 0.084375
2 0.3234375 0.646875 0.072265625 0.06953125
2 0.3484375 0.5171875 0.07890625 0.08125
2 0.4171875 0.446875 0.06640625 0.066015625
2 0.3625 0.3578125 0.08203125 0.084765625
2 0.521875 0.3875 0.069140625 0.06953125
2 0.45625 0.6984375 0.068359375 0.071875
2 0.3875 0.6671875 0.056640625 0.059765625
2 0.5609375 0.640625 0.08125 0.084375
2 0.434375 0.6359375 0.074609375 0.074609375
2 0.509375 0.665625 0.065625 0.06796875
2 0.675 0.496875 0.06796875 0.06953125
2 0.625 0.43125 0.07421875 0.071484375
2 0.45625 0.384375 0.075 0.078515625
2 0.596875 0.49375 0.084375 0.084765625
2 0.465625 0.5703125 0.062890625 0.065234375
2 0.5453125 0.453125 0.07734375 0.074609375
2 0.4546875 0.5078125 0.05859375 0.05625
2 0.4796875 0.4453125 0.078125 0.078125
2 0.5328125 0.5796875 0.07109375 0.07109375
2 0.5984375 0.5625 0.08125 0.078515625
2 0.528125 0.51875 0.06328125 0.06328125