6 0.378125 0.34921875 0.71484375 0.69765625
6 0.315625 0.4859375 0.10703125 0.09921875
6 0.60546875 0.4765625 0.06328125 0.07890625
6 0.17421875 0.52578125 0.0703125 0.0578125
6 0.14296875 0.41875 0.06328125 0.06640625
6 0.3421875 0.38359375 0.01953125 0.015625
6 0.24765625 0.43125 0.028125 0.021875
6 0.22578125 0.34375 0.0359375 0.02265625
6 0.4078125 0.3171875 0.040625 0.01953125
6 0.48359375 0.40546875 0.0390625 0.0328125
6 0.55234375 0.32734375 0.04140625 0.0234375
6 0.375 0.4734375 0.0328125 0.028125
6 0.26875 0.5234375 0.040625 0.0296875
6 0.43203125 0.5671875 0.065625 0.028125
6 0.53046875 0.496875 0.0484375 0.025