6 0.509375 0.33359375 0.5015625 0.65625
6 0.44921875 0.52265625 0.07109375 0.059375
6 0.30078125 0.45703125 0.05859375 0.05234375
6 0.3421875 0.5453125 0.065625 0.05625
6 0.6953125 0.50703125 0.05703125 0.06875
6 0.64140625 0.403125 0.0421875 0.0359375
6 0.525 0.396875 0.0328125 0.02734375
6 0.4640625 0.45078125 0.05 0.02890625
6 0.38125 0.4171875 0.06015625 0.0375
6 0.403125 0.4890625 0.0390625 0.028125
6 0.415625 0.54921875 0.03359375 0.015625
6 0.496875 0.51953125 0.034375 0.02734375
6 0.5875 0.46953125 0.0359375 0.03203125
6 0.6265625 0.53671875 0.03515625 0.02734375
6 0.53828125 0.58515625 0.03984375 0.02890625
6 0.4703125 0.60703125 0.03828125 0.02265625