6 0.440625 0.37109375 0.86875 0.7421875
6 0.5125 0.66328125 0.17265625 0.0828125
6 0.1875 0.4453125 0.1203125 0.1375
6 0.434375 0.53359375 0.0375 0.03203125
6 0.63046875 0.49140625 0.06171875 0.03359375
6 0.590625 0.59609375 0.04375 0.01953125
6 0.390625 0.63671875 0.06015625 0.028125
6 0.26015625 0.6515625 0.04765625 0.02421875
6 0.2328125 0.584375 0.0421875 0.03125
6 0.45234375 0.36484375 0.05859375 0.03203125
6 0.65 0.34765625 0.0546875 0.05390625
6 0.33125 0.24765625 0.05078125 0.040625
6 0.27421875 0.3953125 0.046875 0.04453125
6 0.4921875 0.234375 0.03203125 0.02109375