6 0.4890625 0.36796875 0.78515625 0.73515625
6 0.45234375 0.5265625 0.13203125 0.11484375
6 0.26953125 0.57109375 0.1328125 0.10625
6 0.20234375 0.43125 0.08359375 0.0921875
6 0.32578125 0.3390625 0.06875 0.0421875
6 0.4890625 0.38515625 0.06328125 0.04453125
6 0.56875 0.29921875 0.05703125 0.034375
6 0.6625 0.41328125 0.06328125 0.059375
6 0.746875 0.30546875 0.0546875 0.05546875
6 0.5796875 0.60859375 0.04765625 0.03984375
6 0.53125 0.50703125 0.04609375 0.040625
6 0.72109375 0.53125 0.0390625 0.040625
6 0.46484375 0.659375 0.05 0.03359375
6 0.39375 0.56796875 0.03984375 0.03515625