2 0.8453125 0.3796875 0.080859375 0.077734375
2 0.76875 0.3296875 0.084375 0.080859375
2 0.6140625 0.3234375 0.077734375 0.084375
2 0.678125 0.35625 0.081640625 0.06796875
2 0.7734375 0.428125 0.077734375 0.077734375
2 0.7171875 0.4140625 0.072265625 0.075
2 0.6484375 0.4171875 0.08125 0.084375
2 0.684375 0.221875 0.06796875 0.071875
2 0.7859375 0.2546875 0.09609375 0.09375
2 0.715625 0.2796875 0.084375 0.083984375
2 0.6421875 0.646875 0.075390625 0.072265625
2 0.7203125 0.7484375 0.07109375 0.068359375
2 0.8046875 0.64375 0.084765625 0.084375
2 0.7484375 0.665625 0.07109375 0.06796875
2 0.3625 0.7515625 0.08046875 0.08125
2 0.2640625 0.66875 0.066015625 0.071875
2 0.328125 0.68125 0.059375 0.06328125
2 0.1703125 0.846875 0.080859375 0.072265625
2 0.1546875 0.721875 0.078515625 0.08203125
2 0.0640625 0.7265625 0.080859375 0.06484375
2 0.0890625 0.7921875 0.087109375 0.084375
2 0.2359375 0.5703125 0.083984375 0.07890625
2 0.1359375 0.596875 0.06875 0.068359375
2 0.1390625 0.5296875 0.084375 0.08359375
2 0.1453125 0.4109375 0.075390625 0.06875
2 0.2703125 0.31875 0.078125 0.078125
2 0.115625 0.2984375 0.080859375 0.08125
2 0.03203125 0.26171875 0.0640625 0.0796875
2 0.3390625 0.1984375 0.08125 0.08125
2 0.2484375 0.25 0.087109375 0.081640625
2 0.1234375 0.225 0.07734375 0.08671875
2 0.0671875 0.2109375 0.080859375 0.083984375
2 0.18125 0.146875 0.078125 0.052734375
2 0.1796875 0.203125 0.081640625 0.078125