6 0.50703125 0.3625 0.7859375 0.725
6 0.45390625 0.5109375 0.11953125 0.10625
6 0.27890625 0.56484375 0.13125 0.1
6 0.4 0.55703125 0.046875 0.03515625
6 0.2015625 0.43203125 0.08046875 0.09140625
6 0.80859375 0.47734375 0.065625 0.07578125
6 0.32734375 0.3328125 0.090625 0.0390625
6 0.48671875 0.3765625 0.05625 0.02890625
6 0.37109375 0.4421875 0.046875 0.0296875
6 0.5375 0.5 0.03046875 0.0390625
6 0.58125 0.6078125 0.04921875 0.0234375
6 0.46875 0.64375 0.04375 0.025
6 0.5734375 0.29453125 0.04765625 0.03203125
6 0.68046875 0.4125 0.06484375 0.04296875
6 0.76171875 0.29609375 0.0515625 0.04765625
6 0.73046875 0.5234375 0.03828125 0.03125