2 0.3328125 0.490625 0.074609375 0.066015625
2 0.6125 0.55625 0.07421875 0.074609375
2 0.303125 0.5515625 0.080859375 0.078515625
2 0.3296875 0.6015625 0.075 0.075
2 0.3953125 0.665625 0.07890625 0.081640625
2 0.4375 0.7390625 0.083984375 0.075
2 0.5546875 0.684375 0.071875 0.069140625
2 0.6609375 0.7625 0.07890625 0.074609375
2 0.5765625 0.8671875 0.071875 0.07265625
2 0.3375 0.346875 0.071875 0.069140625
2 0.275 0.2953125 0.06328125 0.06015625
2 0.321875 0.234375 0.08203125 0.078515625
2 0.74375 0.1984375 0.075 0.075
2 0.75 0.10625 0.06796875 0.06796875
2 0.646875 0.1953125 0.080859375 0.07890625
2 0.559375 0.209375 0.075 0.072265625
2 0.43125 0.090625 0.078125 0.084765625
2 0.3 0.1125 0.087109375 0.090234375
2 0.4671875 0.25625 0.072265625 0.075390625
2 0.4703125 0.3828125 0.075 0.075
2 0.53125 0.31875 0.074609375 0.077734375
2 0.6046875 0.2875 0.0625 0.068359375
2 0.49375 0.546875 0.066015625 0.06796875
2 0.43125 0.5328125 0.069140625 0.068359375
2 0.6671875 0.703125 0.074609375 0.069140625
2 0.646875 0.64375 0.071484375 0.06875
2 0.5625 0.5875 0.062109375 0.066015625
2 0.565625 0.8015625 0.07421875 0.078515625
2 0.675 0.8953125 0.077734375 0.08125
2 0.33125 0.7953125 0.062890625 0.056640625
2 0.3984375 0.81875 0.074609375 0.08046875
2 0.2859375 0.728125 0.075390625 0.075
2 0.71875 0.74375 0.077734375 0.075
2 0.7765625 0.7703125 0.075 0.074609375
2 0.796875 0.7109375 0.078125 0.07734375
2 0.7484375 0.5296875 0.069140625 0.069140625
2 0.6765625 0.55 0.078125 0.08046875
2 0.4359375 0.4671875 0.075 0.06640625
2 0.515625 0.428125 0.07421875 0.06875
2 0.19375 0.5015625 0.08046875 0.072265625
2 0.4421875 0.88125 0.09140625 0.099609375
2 0.4890625 0.7875 0.059375 0.055859375