6 0.525 0.33828125 0.71015625 0.6765625
6 0.46640625 0.51796875 0.10859375 0.0875
6 0.2515625 0.421875 0.07734375 0.08046875
6 0.29140625 0.5390625 0.11171875 0.090625
6 0.50546875 0.41015625 0.0578125 0.02734375
6 0.40078125 0.4625 0.03984375 0.02265625
6 0.36328125 0.35 0.053125 0.03984375
6 0.540625 0.5046875 0.03671875 0.03671875
6 0.41171875 0.546875 0.04140625 0.015625
6 0.471875 0.6203125 0.05234375 0.02265625
6 0.58671875 0.59453125 0.0515625 0.03125
6 0.67734375 0.4328125 0.04765625 0.03828125
6 0.59140625 0.33046875 0.0640625 0.0296875
6 0.7578125 0.32890625 0.0609375 0.034375
6 0.7109375 0.52421875 0.04765625 0.02734375
6 0.79765625 0.48828125 0.05625 0.07265625