6 0.490625 0.35 0.9 0.69921875
6 0.31484375 0.46953125 0.1171875 0.1296875
6 0.68203125 0.60390625 0.15078125 0.090625
6 0.56484375 0.60234375 0.040625 0.03125
6 0.4421875 0.64609375 0.03984375 0.0234375
6 0.5796875 0.5046875 0.03984375 0.03046875
6 0.74453125 0.534375 0.03515625 0.02265625
6 0.74296875 0.42109375 0.05625 0.0453125
6 0.55 0.3375 0.059375 0.03046875
6 0.4046875 0.2546875 0.084375 0.040625
6 0.72265625 0.28046875 0.06328125 0.0328125
6 0.53359375 0.20859375 0.0359375 0.01875
6 0.39296875 0.40078125 0.0578125 0.028125