6 0.61953125 0.40625 0.66640625 0.81171875
6 0.603125 0.69609375 0.11484375 0.0796875
6 0.41953125 0.69375 0.12578125 0.096875
6 0.07109375 0.51796875 0.1421875 0.946875
6 0.3984375 0.57890625 0.10625 0.071875
6 0.43671875 0.44140625 0.0234375 0.01953125
6 0.42578125 0.52109375 0.03125 0.0296875
6 0.5578125 0.5515625 0.04765625 0.03671875
6 0.66640625 0.6109375 0.046875 0.025
6 0.740625 0.55234375 0.03046875 0.02421875
6 0.54609375 0.71640625 0.03203125 0.02734375
6 0.6640625 0.6875 0.02890625 0.02578125
6 0.6640625 0.75234375 0.04453125 0.025
6 0.86875 0.55234375 0.02890625 0.02734375
6 0.78515625 0.6390625 0.03203125 0.02265625