7 0.65078125 0.21953125 0.07265625 0.29453125
7 0.58515625 0.23046875 0.06875 0.28046875
7 0.71640625 0.2390625 0.109375 0.26015625
7 0.41484375 0.25078125 0.06875 0.2625
7 0.3640625 0.26953125 0.05078125 0.21328125
7 0.76875 0.2765625 0.1515625 0.2171875
7 0.4703125 0.30625 0.1 0.22265625
7 0.33046875 0.3484375 0.0828125 0.1390625
7 0.5546875 0.35390625 0.07109375 0.1171875
7 0.80390625 0.35625 0.18046875 0.1625
7 0.49609375 0.39453125 0.10390625 0.1375
7 0.60625 0.409375 0.0890625 0.0671875
7 0.2875 0.4125 0.07109375 0.20625
7 0.6984375 0.4421875 0.43125 0.73984375
7 0.8203125 0.446875 0.190625 0.11953125
7 0.2421875 0.46015625 0.09140625 0.15
7 0.5578125 0.4609375 0.16640625 0.1125
7 0.475 0.4828125 0.3484375 0.7265625
7 0.225 0.525 0.11328125 0.1140625
7 0.81484375 0.5609375 0.16953125 0.10859375
7 0.31484375 0.575 0.2953125 0.53515625
7 0.53671875 0.58046875 0.1484375 0.13046875
7 0.23046875 0.61640625 0.12265625 0.0796875
7 0.7671875 0.6375 0.159375 0.1859375
7 0.6 0.65703125 0.053125 0.08125
7 0.53046875 0.66875 0.13515625 0.19921875
7 0.4171875 0.6765625 0.09375 0.1265625
7 0.24296875 0.67890625 0.121875 0.09609375
7 0.6828125 0.6953125 0.1265625 0.23671875
7 0.2796875 0.71171875 0.09609375 0.15390625
7 0.521875 0.72578125 0.0890625 0.1359375
7 0.38515625 0.7390625 0.059375 0.2078125
7 0.325 0.74765625 0.07109375 0.17578125
7 0.46171875 0.7609375 0.06953125 0.17734375