2 0.43125 0.36875 0.14296875 0.125
2 0.353125 0.521875 0.133984375 0.141015625
2 0.3078125 0.6015625 0.13984375 0.122265625
2 0.2375 0.525 0.133984375 0.11953125
2 0.1890625 0.5875 0.141015625 0.125
2 0.2453125 0.6984375 0.15234375 0.141015625
2 0.371875 0.7234375 0.127734375 0.118359375
2 0.4796875 0.640625 0.119140625 0.112109375
2 0.609375 0.6515625 0.109765625 0.124609375
2 0.65 0.7046875 0.133984375 0.140625
2 0.7625 0.684375 0.112890625 0.125
2 0.7984375 0.575 0.112109375 0.11875
2 0.8734375 0.5921875 0.146875 0.14375
2 0.5546875 0.3453125 0.131640625 0.127734375