8 0.121875 0.103125 0.24375 0.20625
8 0.359375 0.1859375 0.21875 0.37109375
8 0.5609375 0.1171875 0.26171875 0.234375
8 0.70703125 0.2984375 0.328125 0.3515625
8 0.77109375 0.0796875 0.2453125 0.159375
8 0.928125 0.13515625 0.14375 0.2703125
8 0.13671875 0.353125 0.2734375 0.3203125
8 0.115625 0.70703125 0.23046875 0.43359375
8 0.0453125 0.55 0.08984375 0.3109375
8 0.1453125 0.921875 0.240625 0.15625
8 0.3078125 0.52421875 0.225 0.475
8 0.5265625 0.3875 0.25625 0.3375
8 0.79296875 0.53984375 0.28125 0.3296875
8 0.9234375 0.4109375 0.15234375 0.3453125
8 0.3421875 0.80078125 0.3203125 0.33984375
8 0.55546875 0.7515625 0.2171875 0.40234375
8 0.728125 0.79765625 0.28515625 0.3140625
8 0.9109375 0.84609375 0.178125 0.3078125
8 0.42109375 0.95 0.2296875 0.1
8 0.6296875 0.97421875 0.196875 0.0515625