8 0.38671875 0.38671875 0.3515625 0.51796875
8 0.578125 0.76796875 0.340625 0.4640625
8 0.6625 0.41953125 0.26796875 0.40078125
8 0.85546875 0.76015625 0.2890625 0.47890625
8 0.21796875 0.77578125 0.3703125 0.4484375
8 0.0984375 0.40390625 0.196875 0.5296875
8 0.15234375 0.13671875 0.29921875 0.2734375
8 0.4359375 0.12109375 0.24765625 0.2421875
8 0.67421875 0.134375 0.21328125 0.26796875
8 0.88671875 0.1859375 0.2234375 0.371875
8 0.85703125 0.41015625 0.19296875 0.26796875
8 0.771875 0.95703125 0.2109375 0.0859375
8 0.025 0.89296875 0.046875 0.2140625