8 0.8203125 0.253125 0.359375 0.346875
8 0.2546875 0.675 0.40234375 0.39453125
8 0.4625 0.53671875 0.2875 0.36640625
8 0.046875 0.47578125 0.09375 0.1359375
8 0.0875 0.42890625 0.175 0.08359375
8 0.3109375 0.17421875 0.621875 0.3484375
8 0.703125 0.084375 0.31640625 0.16875
8 0.78359375 0.65078125 0.1546875 0.18203125
8 0.7953125 0.58125 0.21328125 0.2015625
8 0.55625 0.87578125 0.203125 0.18359375
8 0.5875 0.80625 0.1859375 0.1859375
8 0.640625 0.75078125 0.14765625 0.203125
8 0.77265625 0.7046875 0.1703125 0.21875